50.0 0.0
49.80973490458728 4.357787137382909
49.2403876506104 8.682408883346517
48.29629131445341 12.940952255126037
46.98463103929542 17.101007166283434
45.31538935183249 21.130913087034973
43.30127018922194 24.999999999999996
40.95760221444959 28.678821817552304
38.302222155948904 32.13938048432696
35.35533905932738 35.35533905932738
32.13938048432697 38.302222155948904
28.678821817552304 40.95760221444959
25.000000000000007 43.30127018922193
21.13091308703498 45.31538935183249
17.101007166283452 46.984631039295415
12.94095225512606 48.29629131445341
8.682408883346543 49.2403876506104
4.35778713738294 49.80973490458727
3.636830773662308e-14 50.0
-4.357787137382867 49.80973490458728
-8.682408883346472 49.240387650610415
-12.940952255125987 48.29629131445343
-17.101007166283384 46.98463103929544
-21.130913087034926 45.31538935183252
-24.99999999999995 43.30127018922196
-28.67882181755225 40.95760221444962
-32.13938048432692 38.30222215594895
-35.35533905932733 35.35533905932743
-38.302222155948854 32.13938048432702
-40.957602214449544 28.678821817552368
-43.30127018922189 25.00000000000007
-45.31538935183246 21.130913087035054
-46.98463103929539 17.101007166283527
-48.296291314453384 12.940952255126136
-49.24038765061039 8.682408883346623
-49.809734904587266 4.35778713738302
-50.0 1.171455364582524e-13
-49.80973490458729 -4.357787137382787
-49.24038765061042 -8.682408883346392
-48.29629131445345 -12.940952255125909
-46.984631039295465 -17.101007166283306
-45.31538935183256 -21.13091308703484
-43.30127018922201 -24.999999999999872
-40.95760221444968 -28.67882181755218
-38.302222155949 -32.13938048432684
-35.3553390593275 -35.355339059327264
-32.13938048432708 -38.302222155948805
-28.67882181755243 -40.9576022144495
-25.000000000000135 -43.30127018922185
-21.13091308703512 -45.31538935183243
-17.101007166283594 -46.98463103929536
-12.940952255126204 -48.29629131445337
-8.68240888334669 -49.24038765061037
-4.357787137383089 -49.80973490458726
-1.8682053493363018e-13 -50.0
4.357787137382718 -49.809734904587295
8.682408883346323 -49.24038765061044
12.940952255125843 -48.29629131445346
17.101007166283242 -46.984631039295486
21.13091308703478 -45.315389351832586
24.99999999999981 -43.30127018922204
28.678821817552127 -40.957602214449714
32.13938048432679 -38.30222215594905
35.355339059327214 -35.35533905932754
38.30222215594875 -32.13938048432715
40.95760221444945 -28.678821817552503
43.30127018922181 -25.000000000000217
45.315389351832394 -21.130913087035204
46.98463103929533 -17.10100716628368
48.29629131445334 -12.940952255126293
49.24038765061036 -8.682408883346781
49.80973490458725 -4.357787137383181
50.0 -2.786999939015111e-13
50.0 -1.2246467991473532e-14
