1.83697019872103e-15 30.0
0.523572193118508 29.995430854691737
0.0 0.0
0.523572193118508 29.995430854691737
1.0469849010750325 29.981724810572874
0.0 0.0
1.0469849010750325 29.981724810572874
1.570078687288319 29.958886042637214
0.0 0.0
1.570078687288319 29.958886042637214
2.0926942123237637 29.926921507794727
0.0 0.0
2.0926942123237637 29.926921507794727
2.614672282429751 29.885840942752367
0.0 0.0
2.614672282429751 29.885840942752367
3.1358538980296102 29.8356568610482
0.0 0.0
3.1358538980296102 29.8356568610482
3.6560803021544315 29.77638454923966
0.0 0.0
3.6560803021544315 29.77638454923966
4.175193028801971 29.708042062247106
0.0 0.0
4.175193028801971 29.708042062247106
4.693033951206934 29.63065021785413
0.0 0.0
4.693033951206934 29.63065021785413
5.209445330007919 29.544232590366242
0.0 0.0
5.209445330007919 29.544232590366242
5.724269861296354 29.448815503429916
0.0 0.0
5.724269861296354 29.448815503429916
6.23735072453279 29.344428022014167
0.0 0.0
6.23735072453279 29.344428022014167
6.748531630315961 29.231101943557054
0.0 0.0
6.748531630315961 29.231101943557054
7.257656867990043 29.10887178827989
0.0 0.0
7.257656867990043 29.10887178827989
7.7645713530756355 28.977774788672047
0.0 0.0
7.7645713530756355 28.977774788672047
8.269120674509988 28.837850878149563
0.0 0.0
8.269120674509988 28.837850878149563
8.771151141682115 28.68914267889106
0.0 0.0
8.771151141682115 28.68914267889106
9.270509831248436 28.531695488854602
0.0 0.0
9.270509831248436 28.531695488854602
9.767044633714715 28.365557267979497
0.0 0.0
9.767044633714715 28.365557267979497
10.260604299770078 28.190778623577245
0.0 0.0
10.260604299770078 28.190778623577245
10.751038486359025 28.007412794916046
0.0 0.0
10.751038486359025 28.007412794916046
11.238197802477377 27.815515637003617
0.0 0.0
11.238197802477377 27.815515637003617
11.72193385467823 27.6151456035732
0.0 0.0
11.72193385467823 27.6151456035732
12.202099292274024 27.40636372927802
0.0 0.0
12.202099292274024 27.40636372927802
12.678547852221001 27.189233611099493
0.0 0.0
12.678547852221001 27.189233611099493
13.15113440367234 26.963821388975003
0.0 0.0
13.15113440367234 26.963821388975003
13.619714992186422 26.730195725651026
0.0 0.0
13.619714992186422 26.730195725651026
14.084146883576743 26.488427785767797
0.0 0.0
14.084146883576743 26.488427785767797
14.54428860739013 26.238591214181863
0.0 0.0
14.54428860739013 26.238591214181863
15.00000000000002 25.98076211353315
0.0 0.0
15.00000000000002 25.98076211353315
15.451142247301648 25.715019021063355
0.0 0.0
15.451142247301648 25.715019021063355
15.89757792699617 25.441442884692766
0.0 0.0
15.89757792699617 25.441442884692766
16.339171050450833 25.160117038362706
0.0 0.0
16.339171050450833 25.160117038362706
16.775787104122426 24.871127176651235
0.0 0.0
16.775787104122426 24.871127176651235
17.207293090531405 24.574561328669738
0.0 0.0
17.207293090531405 24.574561328669738
17.63355756877422 24.270509831248408
0.0 0.0
17.63355756877422 24.270509831248408
18.05445069456147 23.959065301418768
0.0 0.0
18.05445069456147 23.959065301418768
18.469844259769772 23.64032260820164
0.0 0.0
18.469844259769772 23.64032260820164
18.87961173149515 23.314378843709108
0.0 0.0
18.87961173149515 23.314378843709108
19.283628290596205 22.98133329356932
0.0 0.0
19.283628290596205 22.98133329356932
19.68177086971524 22.64128740668314
0.0 0.0
19.68177086971524 22.64128740668314
20.07391819076577 22.294344764321806
0.0 0.0
20.07391819076577 22.294344764321806
20.459950801874978 21.94061104857509
0.0 0.0
20.459950801874978 21.94061104857509
20.839751113769942 21.58019401015951
0.0 0.0
20.839751113769942 21.58019401015951
21.21320343559645 21.2132034355964
0.0 0.0
21.21320343559645 21.2132034355964
21.58019401015956 20.839751113769893
0.0 0.0
21.58019401015956 20.839751113769893
21.94061104857514 20.45995080187493
0.0 0.0
21.94061104857514 20.45995080187493
22.29434476432185 20.07391819076572
0.0 0.0
22.29434476432185 20.07391819076572
22.641287406683183 19.68177086971519
0.0 0.0
22.641287406683183 19.68177086971519
22.981333293569364 19.283628290596152
0.0 0.0
22.981333293569364 19.283628290596152
23.31437884370915 18.879611731495096
0.0 0.0
23.31437884370915 18.879611731495096
23.640322608201682 18.46984425976972
0.0 0.0
23.640322608201682 18.46984425976972
23.959065301418807 18.054450694561414
0.0 0.0
23.959065301418807 18.054450694561414
24.270509831248447 17.63355756877416
0.0 0.0
24.270509831248447 17.63355756877416
24.574561328669777 17.207293090531348
0.0 0.0
24.574561328669777 17.207293090531348
24.871127176651274 16.775787104122372
0.0 0.0
24.871127176651274 16.775787104122372
25.160117038362745 16.339171050450776
0.0 0.0
25.160117038362745 16.339171050450776
25.4414428846928 15.89757792699611
0.0 0.0
25.4414428846928 15.89757792699611
25.715019021063394 15.451142247301588
0.0 0.0
25.715019021063394 15.451142247301588
25.98076211353318 14.999999999999961
0.0 0.0
25.98076211353318 14.999999999999961
26.238591214181895 14.54428860739007
0.0 0.0
26.238591214181895 14.54428860739007
26.48842778576783 14.084146883576683
0.0 0.0
26.48842778576783 14.084146883576683
26.730195725651058 13.619714992186362
0.0 0.0
26.730195725651058 13.619714992186362
26.96382138897503 13.151134403672279
0.0 0.0
26.96382138897503 13.151134403672279
27.189233611099517 12.678547852220937
0.0 0.0
27.189233611099517 12.678547852220937
27.406363729278045 12.202099292273962
0.0 0.0
27.406363729278045 12.202099292273962
27.61514560357323 11.721933854678166
0.0 0.0
27.61514560357323 11.721933854678166
27.81551563700364 11.238197802477314
0.0 0.0
27.81551563700364 11.238197802477314
28.00741279491607 10.75103848635896
0.0 0.0
28.00741279491607 10.75103848635896
28.19077862357727 10.260604299770012
0.0 0.0
28.19077862357727 10.260604299770012
28.365557267979522 9.767044633714649
0.0 0.0
28.365557267979522 9.767044633714649
28.531695488854623 9.270509831248372
0.0 0.0
28.531695488854623 9.270509831248372
28.68914267889108 8.77115114168205
0.0 0.0
28.68914267889108 8.77115114168205
28.83785087814958 8.269120674509923
0.0 0.0
28.83785087814958 8.269120674509923
28.97777478867206 7.764571353075569
0.0 0.0
28.97777478867206 7.764571353075569
29.108871788279906 7.257656867989978
0.0 0.0
29.108871788279906 7.257656867989978
29.23110194355707 6.748531630315896
0.0 0.0
29.23110194355707 6.748531630315896
29.34442802201418 6.237350724532726
0.0 0.0
29.34442802201418 6.237350724532726
29.44881550342993 5.72426986129629
0.0 0.0
29.44881550342993 5.72426986129629
29.54423259036625 5.209445330007856
0.0 0.0
29.54423259036625 5.209445330007856
29.63065021785414 4.693033951206872
0.0 0.0
29.63065021785414 4.693033951206872
29.708042062247117 4.175193028801909
0.0 0.0
29.708042062247117 4.175193028801909
29.776384549239665 3.6560803021543697
0.0 0.0
29.776384549239665 3.6560803021543697
29.835656861048207 3.1358538980295494
0.0 0.0
29.835656861048207 3.1358538980295494
29.88584094275237 2.614672282429691
0.0 0.0
29.88584094275237 2.614672282429691
29.92692150779473 2.0926942123237047
0.0 0.0
29.92692150779473 2.0926942123237047
29.958886042637218 1.5700786872882606
0.0 0.0
29.958886042637218 1.5700786872882606
29.981724810572874 1.0469849010749748
0.0 0.0
29.981724810572874 1.0469849010749748
29.995430854691737 0.523572193118451
0.0 0.0
29.995430854691737 0.523572193118451
30.0 -5.43315392675936e-14
0.0 0.0
30.0 -5.43315392675936e-14
29.995430854691733 -0.5235721931185597
0.0 0.0
29.995430854691733 -0.5235721931185597
29.98172481057287 -1.0469849010750834
0.0 0.0
29.98172481057287 -1.0469849010750834
29.958886042637214 -1.5700786872883692
0.0 0.0
29.958886042637214 -1.5700786872883692
29.926921507794724 -2.0926942123238126
0.0 0.0
29.926921507794724 -2.0926942123238126
29.88584094275236 -2.614672282429799
0.0 0.0
29.88584094275236 -2.614672282429799
29.835656861048196 -3.1358538980296577
0.0 0.0
29.835656861048196 -3.1358538980296577
29.77638454923965 -3.6560803021544777
0.0 0.0
29.77638454923965 -3.6560803021544777
29.708042062247102 -4.175193028802017
0.0 0.0
29.708042062247102 -4.175193028802017
29.63065021785412 -4.69303395120698
0.0 0.0
29.63065021785412 -4.69303395120698
29.544232590366235 -5.209445330007963
0.0 0.0
29.544232590366235 -5.209445330007963
29.44881550342991 -5.724269861296397
0.0 0.0
29.44881550342991 -5.724269861296397
29.344428022014156 -6.237350724532833
0.0 0.0
29.344428022014156 -6.237350724532833
29.231101943557043 -6.748531630316002
0.0 0.0
29.231101943557043 -6.748531630316002
29.10887178827988 -7.257656867990083
0.0 0.0
29.10887178827988 -7.257656867990083
28.977774788672036 -7.7645713530756755
0.0 0.0
28.977774788672036 -7.7645713530756755
28.83785087814955 -8.269120674510027
0.0 0.0
28.83785087814955 -8.269120674510027
28.68914267889105 -8.771151141682155
0.0 0.0
28.68914267889105 -8.771151141682155
28.531695488854588 -9.270509831248477
0.0 0.0
28.531695488854588 -9.270509831248477
28.365557267979487 -9.767044633714754
0.0 0.0
28.365557267979487 -9.767044633714754
28.190778623577234 -10.260604299770117
0.0 0.0
28.190778623577234 -10.260604299770117
28.007412794916032 -10.751038486359063
0.0 0.0
28.007412794916032 -10.751038486359063
27.8155156370036 -11.238197802477416
0.0 0.0
27.8155156370036 -11.238197802477416
27.61514560357319 -11.721933854678268
0.0 0.0
27.61514560357319 -11.721933854678268
27.406363729278002 -12.202099292274061
0.0 0.0
27.406363729278002 -12.202099292274061
27.18923361109947 -12.678547852221039
0.0 0.0
27.18923361109947 -12.678547852221039
26.96382138897498 -13.151134403672378
0.0 0.0
26.96382138897498 -13.151134403672378
26.730195725651008 -13.61971499218646
0.0 0.0
26.730195725651008 -13.61971499218646
26.48842778576778 -14.084146883576778
0.0 0.0
26.48842778576778 -14.084146883576778
26.23859121418184 -14.544288607390166
0.0 0.0
26.23859121418184 -14.544288607390166
25.980762113533128 -15.000000000000057
0.0 0.0
25.980762113533128 -15.000000000000057
25.715019021063334 -15.451142247301682
0.0 0.0
25.715019021063334 -15.451142247301682
25.441442884692744 -15.897577926996204
0.0 0.0
25.441442884692744 -15.897577926996204
25.160117038362685 -16.33917105045087
0.0 0.0
25.160117038362685 -16.33917105045087
24.87112717665121 -16.77578710412246
0.0 0.0
24.87112717665121 -16.77578710412246
24.574561328669713 -17.207293090531437
0.0 0.0
24.574561328669713 -17.207293090531437
24.270509831248383 -17.63355756877425
0.0 0.0
24.270509831248383 -17.63355756877425
23.959065301418743 -18.054450694561506
0.0 0.0
23.959065301418743 -18.054450694561506
23.640322608201615 -18.469844259769804
0.0 0.0
23.640322608201615 -18.469844259769804
23.31437884370908 -18.879611731495178
0.0 0.0
23.31437884370908 -18.879611731495178
22.981333293569293 -19.283628290596234
0.0 0.0
22.981333293569293 -19.283628290596234
22.641287406683112 -19.681770869715276
0.0 0.0
22.641287406683112 -19.681770869715276
22.294344764321778 -20.073918190765802
0.0 0.0
22.294344764321778 -20.073918190765802
21.940611048575065 -20.459950801875006
0.0 0.0
21.940611048575065 -20.459950801875006
21.58019401015948 -20.83975111376997
0.0 0.0
21.58019401015948 -20.83975111376997
21.213203435596373 -21.21320343559648
0.0 0.0
21.213203435596373 -21.21320343559648
20.839751113769864 -21.580194010159587
0.0 0.0
20.839751113769864 -21.580194010159587
20.459950801874896 -21.940611048575168
0.0 0.0
20.459950801874896 -21.940611048575168
20.07391819076569 -22.294344764321878
0.0 0.0
20.07391819076569 -22.294344764321878
19.68177086971516 -22.64128740668321
0.0 0.0
19.68177086971516 -22.64128740668321
19.283628290596116 -22.981333293569392
0.0 0.0
19.283628290596116 -22.981333293569392
18.87961173149506 -23.31437884370918
0.0 0.0
18.87961173149506 -23.31437884370918
18.469844259769687 -23.640322608201707
0.0 0.0
18.469844259769687 -23.640322608201707
18.054450694561385 -23.959065301418836
0.0 0.0
18.054450694561385 -23.959065301418836
17.633557568774126 -24.27050983124847
0.0 0.0
17.633557568774126 -24.27050983124847
17.207293090531316 -24.5745613286698
0.0 0.0
17.207293090531316 -24.5745613286698
16.775787104122337 -24.8711271766513
0.0 0.0
16.775787104122337 -24.8711271766513
16.339171050450744 -25.160117038362767
0.0 0.0
16.339171050450744 -25.160117038362767
15.89757792699608 -25.441442884692822
0.0 0.0
15.89757792699608 -25.441442884692822
15.451142247301554 -25.71501902106341
0.0 0.0
15.451142247301554 -25.71501902106341
14.999999999999929 -25.980762113533203
0.0 0.0
14.999999999999929 -25.980762113533203
14.544288607390037 -26.238591214181916
0.0 0.0
14.544288607390037 -26.238591214181916
14.084146883576649 -26.488427785767847
0.0 0.0
14.084146883576649 -26.488427785767847
13.619714992186328 -26.730195725651072
0.0 0.0
13.619714992186328 -26.730195725651072
13.151134403672245 -26.96382138897505
0.0 0.0
13.151134403672245 -26.96382138897505
12.678547852220905 -27.189233611099535
0.0 0.0
12.678547852220905 -27.189233611099535
12.202099292273926 -27.406363729278063
0.0 0.0
12.202099292273926 -27.406363729278063
11.72193385467813 -27.615145603573243
0.0 0.0
11.72193385467813 -27.615145603573243
11.238197802477279 -27.815515637003656
0.0 0.0
11.238197802477279 -27.815515637003656
10.751038486358924 -28.007412794916085
0.0 0.0
10.751038486358924 -28.007412794916085
10.260604299769977 -28.190778623577284
0.0 0.0
10.260604299769977 -28.190778623577284
9.767044633714615 -28.365557267979536
0.0 0.0
9.767044633714615 -28.365557267979536
9.270509831248335 -28.531695488854638
0.0 0.0
9.270509831248335 -28.531695488854638
8.771151141682013 -28.689142678891095
0.0 0.0
8.771151141682013 -28.689142678891095
8.269120674509887 -28.83785087814959
0.0 0.0
8.269120674509887 -28.83785087814959
7.7645713530755325 -28.977774788672072
0.0 0.0
7.7645713530755325 -28.977774788672072
7.257656867989939 -29.108871788279917
0.0 0.0
7.257656867989939 -29.108871788279917
6.748531630315857 -29.23110194355708
0.0 0.0
6.748531630315857 -29.23110194355708
6.2373507245326865 -29.344428022014192
0.0 0.0
6.2373507245326865 -29.344428022014192
5.724269861296249 -29.448815503429937
0.0 0.0
5.724269861296249 -29.448815503429937
5.2094453300078145 -29.544232590366256
0.0 0.0
5.2094453300078145 -29.544232590366256
4.693033951206829 -29.630650217854146
0.0 0.0
4.693033951206829 -29.630650217854146
4.175193028801866 -29.708042062247124
0.0 0.0
4.175193028801866 -29.708042062247124
3.656080302154326 -29.776384549239673
0.0 0.0
3.656080302154326 -29.776384549239673
3.135853898029504 -29.83565686104821
0.0 0.0
3.135853898029504 -29.83565686104821
2.6146722824296447 -29.885840942752377
0.0 0.0
2.6146722824296447 -29.885840942752377
2.0926942123236576 -29.926921507794734
0.0 0.0
2.0926942123236576 -29.926921507794734
1.5700786872882126 -29.95888604263722
0.0 0.0
1.5700786872882126 -29.95888604263722
1.046984901074926 -29.981724810572878
0.0 0.0
1.046984901074926 -29.981724810572878
0.5235721931184014 -29.995430854691737
0.0 0.0
0.5235721931184014 -29.995430854691737
-1.04744440165294e-13 -30.0
0.0 0.0
-1.04744440165294e-13 -30.0
-0.5235721931186108 -29.995430854691733
0.0 0.0
-0.5235721931186108 -29.995430854691733
-1.0469849010751353 -29.98172481057287
0.0 0.0
-1.0469849010751353 -29.98172481057287
-1.5700786872884218 -29.95888604263721
0.0 0.0
-1.5700786872884218 -29.95888604263721
-2.0926942123238663 -29.92692150779472
0.0 0.0
-2.0926942123238663 -29.92692150779472
-2.6146722824298534 -29.885840942752356
0.0 0.0
-2.6146722824298534 -29.885840942752356
-3.135853898029713 -29.83565686104819
0.0 0.0
-3.135853898029713 -29.83565686104819
-3.656080302154533 -29.776384549239648
0.0 0.0
-3.656080302154533 -29.776384549239648
-4.175193028802073 -29.708042062247095
0.0 0.0
-4.175193028802073 -29.708042062247095
-4.693033951207036 -29.630650217854114
0.0 0.0
-4.693033951207036 -29.630650217854114
-5.209445330008021 -29.544232590366224
0.0 0.0
-5.209445330008021 -29.544232590366224
-5.724269861296455 -29.448815503429895
0.0 0.0
-5.724269861296455 -29.448815503429895
-6.237350724532891 -29.344428022014142
0.0 0.0
-6.237350724532891 -29.344428022014142
-6.7485316303160605 -29.231101943557032
0.0 0.0
-6.7485316303160605 -29.231101943557032
-7.257656867990144 -29.108871788279867
0.0 0.0
-7.257656867990144 -29.108871788279867
-7.764571353075734 -28.97777478867202
0.0 0.0
-7.764571353075734 -28.97777478867202
-8.269120674510086 -28.837850878149535
0.0 0.0
-8.269120674510086 -28.837850878149535
-8.771151141682212 -28.68914267889103
0.0 0.0
-8.771151141682212 -28.68914267889103
-9.270509831248535 -28.53169548885457
0.0 0.0
-9.270509831248535 -28.53169548885457
-9.767044633714812 -28.365557267979465
0.0 0.0
-9.767044633714812 -28.365557267979465
-10.260604299770174 -28.19077862357721
0.0 0.0
-10.260604299770174 -28.19077862357721
-10.75103848635912 -28.007412794916007
0.0 0.0
-10.75103848635912 -28.007412794916007
-11.238197802477472 -27.815515637003575
0.0 0.0
-11.238197802477472 -27.815515637003575
-11.721933854678324 -27.61514560357316
0.0 0.0
-11.721933854678324 -27.61514560357316
-12.202099292274118 -27.406363729277977
0.0 0.0
-12.202099292274118 -27.406363729277977
-12.678547852221088 -27.189233611099446
0.0 0.0
-12.678547852221088 -27.189233611099446
-13.151134403672422 -26.96382138897496
0.0 0.0
-13.151134403672422 -26.96382138897496
-13.619714992186495 -26.730195725650987
0.0 0.0
-13.619714992186495 -26.730195725650987
-14.084146883576809 -26.48842778576776
0.0 0.0
-14.084146883576809 -26.48842778576776
-14.544288607390191 -26.238591214181827
0.0 0.0
-14.544288607390191 -26.238591214181827
-15.000000000000073 -25.980762113533117
0.0 0.0
-15.000000000000073 -25.980762113533117
-15.451142247301695 -25.715019021063327
0.0 0.0
-15.451142247301695 -25.715019021063327
-15.89757792699621 -25.441442884692737
0.0 0.0
-15.89757792699621 -25.441442884692737
-16.33917105045087 -25.160117038362685
0.0 0.0
-16.33917105045087 -25.160117038362685
-16.775787104122458 -24.871127176651214
0.0 0.0
-16.775787104122458 -24.871127176651214
-17.20729309053143 -24.57456132866972
0.0 0.0
-17.20729309053143 -24.57456132866972
-17.633557568774233 -24.270509831248393
0.0 0.0
-17.633557568774233 -24.270509831248393
-18.054450694561485 -23.959065301418757
0.0 0.0
-18.054450694561485 -23.959065301418757
-18.46984425976978 -23.640322608201632
0.0 0.0
-18.46984425976978 -23.640322608201632
-18.87961173149515 -23.314378843709108
0.0 0.0
-18.87961173149515 -23.314378843709108
-19.2836282905962 -22.981333293569325
0.0 0.0
-19.2836282905962 -22.981333293569325
-19.681770869715233 -22.641287406683144
0.0 0.0
-19.681770869715233 -22.641287406683144
-20.073918190765756 -22.294344764321817
0.0 0.0
-20.073918190765756 -22.294344764321817
-20.45995080187496 -21.940611048575107
0.0 0.0
-20.45995080187496 -21.940611048575107
-20.83975111376992 -21.58019401015953
0.0 0.0
-20.83975111376992 -21.58019401015953
-21.213203435596423 -21.213203435596427
0.0 0.0
-21.213203435596423 -21.213203435596427
-21.58019401015953 -20.839751113769925
0.0 0.0
-21.58019401015953 -20.839751113769925
-21.940611048575104 -20.459950801874964
0.0 0.0
-21.940611048575104 -20.459950801874964
-22.294344764321814 -20.07391819076576
0.0 0.0
-22.294344764321814 -20.07391819076576
-22.641287406683144 -19.681770869715237
0.0 0.0
-22.641287406683144 -19.681770869715237
-22.98133329356932 -19.283628290596205
0.0 0.0
-22.98133329356932 -19.283628290596205
-23.314378843709104 -18.879611731495157
0.0 0.0
-23.314378843709104 -18.879611731495157
-23.64032260820163 -18.469844259769783
0.0 0.0
-23.64032260820163 -18.469844259769783
-23.959065301418754 -18.05445069456149
0.0 0.0
-23.959065301418754 -18.05445069456149
-24.27050983124839 -17.63355756877424
0.0 0.0
-24.27050983124839 -17.63355756877424
-24.574561328669716 -17.207293090531437
0.0 0.0
-24.574561328669716 -17.207293090531437
-24.87112717665121 -16.77578710412246
0.0 0.0
-24.87112717665121 -16.77578710412246
-25.16011703836268 -16.339171050450876
0.0 0.0
-25.16011703836268 -16.339171050450876
-25.441442884692734 -15.897577926996217
0.0 0.0
-25.441442884692734 -15.897577926996217
-25.715019021063323 -15.451142247301702
0.0 0.0
-25.715019021063323 -15.451142247301702
-25.980762113533114 -15.00000000000008
0.0 0.0
-25.980762113533114 -15.00000000000008
-26.238591214181824 -14.544288607390197
0.0 0.0
-26.238591214181824 -14.544288607390197
-26.488427785767758 -14.084146883576814
0.0 0.0
-26.488427785767758 -14.084146883576814
-26.730195725650987 -13.619714992186502
0.0 0.0
-26.730195725650987 -13.619714992186502
-26.963821388974957 -13.151134403672428
0.0 0.0
-26.963821388974957 -13.151134403672428
-27.189233611099446 -12.678547852221094
0.0 0.0
-27.189233611099446 -12.678547852221094
-27.406363729277977 -12.202099292274124
0.0 0.0
-27.406363729277977 -12.202099292274124
-27.615145603573158 -11.721933854678335
0.0 0.0
-27.615145603573158 -11.721933854678335
-27.81551563700357 -11.23819780247749
0.0 0.0
-27.81551563700357 -11.23819780247749
-28.007412794916 -10.751038486359144
0.0 0.0
-28.007412794916 -10.751038486359144
-28.1907786235772 -10.260604299770204
0.0 0.0
-28.1907786235772 -10.260604299770204
-28.36555726797945 -9.76704463371485
0.0 0.0
-28.36555726797945 -9.76704463371485
-28.531695488854556 -9.270509831248578
0.0 0.0
-28.531695488854556 -9.270509831248578
-28.689142678891017 -8.771151141682264
0.0 0.0
-28.689142678891017 -8.771151141682264
-28.837850878149517 -8.269120674510143
0.0 0.0
-28.837850878149517 -8.269120674510143
-28.977774788672004 -7.764571353075797
0.0 0.0
-28.977774788672004 -7.764571353075797
-29.10887178827985 -7.257656867990214
0.0 0.0
-29.10887178827985 -7.257656867990214
-29.231101943557015 -6.748531630316139
0.0 0.0
-29.231101943557015 -6.748531630316139
-29.344428022014128 -6.237350724532974
0.0 0.0
-29.344428022014128 -6.237350724532974
-29.44881550342988 -5.724269861296546
0.0 0.0
-29.44881550342988 -5.724269861296546
-29.544232590366203 -5.209445330008118
0.0 0.0
-29.544232590366203 -5.209445330008118
-29.630650217854097 -4.69303395120714
0.0 0.0
-29.630650217854097 -4.69303395120714
-29.708042062247078 -4.175193028802184
0.0 0.0
-29.708042062247078 -4.175193028802184
-29.776384549239634 -3.6560803021546513
0.0 0.0
-29.776384549239634 -3.6560803021546513
-29.835656861048175 -3.135853898029837
0.0 0.0
-29.835656861048175 -3.135853898029837
-29.885840942752345 -2.614672282429985
0.0 0.0
-29.885840942752345 -2.614672282429985
-29.92692150779471 -2.092694212324005
0.0 0.0
-29.92692150779471 -2.092694212324005
-29.9588860426372 -1.570078687288567
0.0 0.0
-29.9588860426372 -1.570078687288567
-29.981724810572864 -1.0469849010752872
0.0 0.0
-29.981724810572864 -1.0469849010752872
-29.995430854691733 -0.5235721931187696
0.0 0.0
-29.995430854691733 -0.5235721931187696
-30.0 -2.701274663074796e-13
0.0 0.0
-30.0 -2.701274663074796e-13
-29.99543085469174 0.5235721931182293
0.0 0.0
-29.99543085469174 0.5235721931182293
-29.98172481057288 1.0469849010747472
0.0 0.0
-29.98172481057288 1.0469849010747472
-29.958886042637232 1.5700786872880275
0.0 0.0
-29.958886042637232 1.5700786872880275
-29.92692150779475 2.092694212323466
0.0 0.0
-29.92692150779475 2.092694212323466
-29.88584094275239 2.6146722824294466
0.0 0.0
-29.88584094275239 2.6146722824294466
-29.835656861048232 3.1358538980293003
0.0 0.0
-29.835656861048232 3.1358538980293003
-29.7763845492397 3.656080302154115
0.0 0.0
-29.7763845492397 3.656080302154115
-29.708042062247156 4.175193028801648
0.0 0.0
-29.708042062247156 4.175193028801648
-29.630650217854182 4.693033951206607
0.0 0.0
-29.630650217854182 4.693033951206607
-29.5442325903663 5.209445330007586
0.0 0.0
-29.5442325903663 5.209445330007586
-29.448815503429984 5.7242698612960154
0.0 0.0
-29.448815503429984 5.7242698612960154
-29.34442802201424 6.237350724532447
0.0 0.0
-29.34442802201424 6.237350724532447
-29.231101943557135 6.748531630315611
0.0 0.0
-29.231101943557135 6.748531630315611
-29.10887178827998 7.257656867989689
0.0 0.0
-29.10887178827998 7.257656867989689
-28.977774788672143 7.764571353075276
0.0 0.0
-28.977774788672143 7.764571353075276
-28.837850878149666 8.269120674509626
0.0 0.0
-28.837850878149666 8.269120674509626
-28.689142678891173 8.771151141681747
0.0 0.0
-28.689142678891173 8.771151141681747
-28.531695488854723 9.270509831248063
0.0 0.0
-28.531695488854723 9.270509831248063
-28.36555726797963 9.767044633714338
0.0 0.0
-28.36555726797963 9.767044633714338
-28.190778623577387 10.260604299769696
0.0 0.0
-28.190778623577387 10.260604299769696
-28.007412794916196 10.75103848635864
0.0 0.0
-28.007412794916196 10.75103848635864
-27.815515637003774 11.23819780247699
0.0 0.0
-27.815515637003774 11.23819780247699
-27.615145603573367 11.721933854677838
0.0 0.0
-27.615145603573367 11.721933854677838
-27.406363729278198 12.20209929227363
0.0 0.0
-27.406363729278198 12.20209929227363
-27.189233611099674 12.678547852220603
0.0 0.0
-27.189233611099674 12.678547852220603
-26.963821388975195 13.151134403671941
0.0 0.0
-26.963821388975195 13.151134403671941
-26.73019572565123 13.619714992186019
0.0 0.0
-26.73019572565123 13.619714992186019
-26.488427785768014 14.084146883576338
0.0 0.0
-26.488427785768014 14.084146883576338
-26.23859121418209 14.544288607389724
0.0 0.0
-26.23859121418209 14.544288607389724
-25.980762113533384 14.999999999999613
0.0 0.0
-25.980762113533384 14.999999999999613
-25.715019021063604 15.451142247301235
0.0 0.0
-25.715019021063604 15.451142247301235
-25.44144288469302 15.897577926995757
0.0 0.0
-25.44144288469302 15.897577926995757
-25.160117038362976 16.339171050450425
0.0 0.0
-25.160117038362976 16.339171050450425
-24.871127176651516 16.775787104122013
0.0 0.0
-24.871127176651516 16.775787104122013
-24.574561328670026 17.207293090530992
0.0 0.0
-24.574561328670026 17.207293090530992
-24.270509831248706 17.633557568773803
0.0 0.0
-24.270509831248706 17.633557568773803
-23.95906530141908 18.05445069456106
0.0 0.0
-23.95906530141908 18.05445069456106
-23.640322608201963 18.46984425976936
0.0 0.0
-23.640322608201963 18.46984425976936
-23.314378843709445 18.879611731494734
0.0 0.0
-23.314378843709445 18.879611731494734
-22.981333293569666 19.283628290595793
0.0 0.0
-22.981333293569666 19.283628290595793
-22.641287406683496 19.681770869714832
0.0 0.0
-22.641287406683496 19.681770869714832
-22.294344764322172 20.07391819076536
0.0 0.0
-22.294344764322172 20.07391819076536
-21.940611048575473 20.45995080187457
0.0 0.0
-21.940611048575473 20.45995080187457
-21.580194010159907 20.839751113769534
0.0 0.0
-21.580194010159907 20.839751113769534
-21.213203435596807 21.213203435596043
0.0 0.0
-21.213203435596807 21.213203435596043
-20.839751113770312 21.580194010159158
0.0 0.0
-20.839751113770312 21.580194010159158
-20.459950801875358 21.94061104857474
0.0 0.0
-20.459950801875358 21.94061104857474
-20.07391819076616 22.294344764321455
0.0 0.0
-20.07391819076616 22.294344764321455
-19.681770869715642 22.641287406682792
0.0 0.0
-19.681770869715642 22.641287406682792
-19.283628290596614 22.981333293568976
0.0 0.0
-19.283628290596614 22.981333293568976
-18.87961173149557 23.314378843708763
0.0 0.0
-18.87961173149557 23.314378843708763
-18.469844259770205 23.640322608201302
0.0 0.0
-18.469844259770205 23.640322608201302
-18.054450694561915 23.959065301418434
0.0 0.0
-18.054450694561915 23.959065301418434
-17.63355756877467 24.270509831248074
0.0 0.0
-17.63355756877467 24.270509831248074
-17.20729309053187 24.57456132866941
0.0 0.0
-17.20729309053187 24.57456132866941
-16.775787104122905 24.871127176650912
0.0 0.0
-16.775787104122905 24.871127176650912
-16.339171050451323 25.160117038362387
0.0 0.0
-16.339171050451323 25.160117038362387
-15.89757792699667 25.441442884692453
0.0 0.0
-15.89757792699667 25.441442884692453
-15.451142247302158 25.71501902106305
0.0 0.0
-15.451142247302158 25.71501902106305
-15.000000000000544 25.980762113532844
0.0 0.0
-15.000000000000544 25.980762113532844
-14.544288607390664 26.238591214181568
0.0 0.0
-14.544288607390664 26.238591214181568
-14.084146883577287 26.48842778576751
0.0 0.0
-14.084146883577287 26.48842778576751
-13.619714992186978 26.730195725650745
0.0 0.0
-13.619714992186978 26.730195725650745
-13.151134403672907 26.963821388974726
0.0 0.0
-13.151134403672907 26.963821388974726
-12.678547852221577 27.189233611099223
0.0 0.0
-12.678547852221577 27.189233611099223
-12.20209929227461 27.406363729277757
0.0 0.0
-12.20209929227461 27.406363729277757
-11.721933854678827 27.615145603572948
0.0 0.0
-11.721933854678827 27.615145603572948
-11.238197802477986 27.81551563700337
0.0 0.0
-11.238197802477986 27.81551563700337
-10.751038486359642 28.00741279491581
0.0 0.0
-10.751038486359642 28.00741279491581
-10.260604299770705 28.190778623577017
0.0 0.0
-10.260604299770705 28.190778623577017
-9.767044633715354 28.36555726797928
0.0 0.0
-9.767044633715354 28.36555726797928
-9.270509831249086 28.531695488854393
0.0 0.0
-9.270509831249086 28.531695488854393
-8.771151141682774 28.68914267889086
0.0 0.0
-8.771151141682774 28.68914267889086
-8.269120674510658 28.83785087814937
0.0 0.0
-8.269120674510658 28.83785087814937
-7.764571353076315 28.977774788671862
0.0 0.0
-7.764571353076315 28.977774788671862
-7.2576568679907325 29.10887178827972
0.0 0.0
-7.2576568679907325 29.10887178827972
-6.748531630316659 29.231101943556894
0.0 0.0
-6.748531630316659 29.231101943556894
-6.237350724533498 29.344428022014018
0.0 0.0
-6.237350724533498 29.344428022014018
-5.724269861297071 29.448815503429778
0.0 0.0
-5.724269861297071 29.448815503429778
-5.209445330008644 29.54423259036611
0.0 0.0
-5.209445330008644 29.54423259036611
-4.693033951207668 29.63065021785401
0.0 0.0
-4.693033951207668 29.63065021785401
-4.175193028802713 29.708042062247003
0.0 0.0
-4.175193028802713 29.708042062247003
-3.656080302155182 29.77638454923957
0.0 0.0
-3.656080302155182 29.77638454923957
-3.135853898030369 29.83565686104812
0.0 0.0
-3.135853898030369 29.83565686104812
-2.6146722824305173 29.8858409427523
0.0 0.0
-2.6146722824305173 29.8858409427523
-2.0926942123245382 29.926921507794674
0.0 0.0
-2.0926942123245382 29.926921507794674
-1.5700786872891008 29.958886042637175
0.0 0.0
-1.5700786872891008 29.958886042637175
-1.0469849010758217 29.981724810572842
0.0 0.0
-1.0469849010758217 29.981724810572842
-0.5235721931193041 29.995430854691726
0.0 0.0
-0.5235721931193041 29.995430854691726
-8.048714883262758e-13 30.0
0.0 0.0
