1.0 0.0
29.995430854691737 0.5235721931185053
0.0 0.0
29.995430854691737 0.5235721931185053
29.981724810572874 1.0469849010750292
0.0 0.0
29.981724810572874 1.0469849010750292
29.958886042637214 1.570078687288315
0.0 0.0
29.958886042637214 1.570078687288315
29.926921507794727 2.0926942123237593
0.0 0.0
29.926921507794727 2.0926942123237593
29.885840942752367 2.614672282429745
0.0 0.0
29.885840942752367 2.614672282429745
29.8356568610482 3.1358538980296036
0.0 0.0
29.8356568610482 3.1358538980296036
29.77638454923966 3.656080302154424
0.0 0.0
29.77638454923966 3.656080302154424
29.70804206224711 4.175193028801963
0.0 0.0
29.70804206224711 4.175193028801963
29.630650217854132 4.693033951206926
0.0 0.0
29.630650217854132 4.693033951206926
29.544232590366242 5.2094453300079095
0.0 0.0
29.544232590366242 5.2094453300079095
29.44881550342992 5.724269861296344
0.0 0.0
29.44881550342992 5.724269861296344
29.34442802201417 6.23735072453278
0.0 0.0
29.34442802201417 6.23735072453278
29.231101943557057 6.7485316303159495
0.0 0.0
29.231101943557057 6.7485316303159495
29.108871788279895 7.257656867990031
0.0 0.0
29.108871788279895 7.257656867990031
28.97777478867205 7.764571353075622
0.0 0.0
28.97777478867205 7.764571353075622
28.837850878149567 8.269120674509974
0.0 0.0
28.837850878149567 8.269120674509974
28.689142678891063 8.771151141682104
0.0 0.0
28.689142678891063 8.771151141682104
28.531695488854606 9.270509831248424
0.0 0.0
28.531695488854606 9.270509831248424
28.3655572679795 9.767044633714702
0.0 0.0
28.3655572679795 9.767044633714702
28.19077862357725 10.260604299770065
0.0 0.0
28.19077862357725 10.260604299770065
28.007412794916053 10.751038486359011
0.0 0.0
28.007412794916053 10.751038486359011
27.81551563700362 11.238197802477366
0.0 0.0
27.81551563700362 11.238197802477366
27.615145603573207 11.721933854678216
0.0 0.0
27.615145603573207 11.721933854678216
27.406363729278027 12.202099292274012
0.0 0.0
27.406363729278027 12.202099292274012
27.189233611099496 12.678547852220989
0.0 0.0
27.189233611099496 12.678547852220989
26.963821388975006 13.151134403672328
0.0 0.0
26.963821388975006 13.151134403672328
26.730195725651033 13.619714992186411
0.0 0.0
26.730195725651033 13.619714992186411
26.488427785767804 14.08414688357673
0.0 0.0
26.488427785767804 14.08414688357673
26.23859121418187 14.544288607390117
0.0 0.0
26.23859121418187 14.544288607390117
25.980762113533153 15.000000000000007
0.0 0.0
25.980762113533153 15.000000000000007
25.715019021063362 15.451142247301634
0.0 0.0
25.715019021063362 15.451142247301634
25.441442884692776 15.897577926996156
0.0 0.0
25.441442884692776 15.897577926996156
25.160117038362714 16.339171050450823
0.0 0.0
25.160117038362714 16.339171050450823
24.871127176651246 16.775787104122415
0.0 0.0
24.871127176651246 16.775787104122415
24.57456132866975 17.20729309053139
0.0 0.0
24.57456132866975 17.20729309053139
24.270509831248418 17.633557568774204
0.0 0.0
24.270509831248418 17.633557568774204
23.95906530141878 18.054450694561456
0.0 0.0
23.95906530141878 18.054450694561456
23.64032260820165 18.469844259769758
0.0 0.0
23.64032260820165 18.469844259769758
23.314378843709118 18.879611731495135
0.0 0.0
23.314378843709118 18.879611731495135
22.98133329356933 19.28362829059619
0.0 0.0
22.98133329356933 19.28362829059619
22.64128740668315 19.68177086971523
0.0 0.0
22.64128740668315 19.68177086971523
22.294344764321814 20.07391819076576
0.0 0.0
22.294344764321814 20.07391819076576
21.940611048575104 20.459950801874967
0.0 0.0
21.940611048575104 20.459950801874967
21.580194010159524 20.839751113769932
0.0 0.0
21.580194010159524 20.839751113769932
21.213203435596412 21.21320343559644
0.0 0.0
21.213203435596412 21.21320343559644
20.839751113769903 21.58019401015955
0.0 0.0
20.839751113769903 21.58019401015955
20.459950801874943 21.94061104857513
0.0 0.0
20.459950801874943 21.94061104857513
20.07391819076573 22.294344764321842
0.0 0.0
20.07391819076573 22.294344764321842
19.6817708697152 22.641287406683173
0.0 0.0
19.6817708697152 22.641287406683173
19.283628290596162 22.981333293569357
0.0 0.0
19.283628290596162 22.981333293569357
18.879611731495103 23.31437884370914
0.0 0.0
18.879611731495103 23.31437884370914
18.46984425976973 23.640322608201675
0.0 0.0
18.46984425976973 23.640322608201675
18.054450694561428 23.9590653014188
0.0 0.0
18.054450694561428 23.9590653014188
17.633557568774172 24.270509831248436
0.0 0.0
17.633557568774172 24.270509831248436
17.207293090531362 24.574561328669766
0.0 0.0
17.207293090531362 24.574561328669766
16.775787104122383 24.871127176651264
0.0 0.0
16.775787104122383 24.871127176651264
16.33917105045079 25.160117038362735
0.0 0.0
16.33917105045079 25.160117038362735
15.897577926996124 25.441442884692794
0.0 0.0
15.897577926996124 25.441442884692794
15.4511422473016 25.715019021063384
0.0 0.0
15.4511422473016 25.715019021063384
14.999999999999973 25.980762113533174
0.0 0.0
14.999999999999973 25.980762113533174
14.544288607390083 26.238591214181888
0.0 0.0
14.544288607390083 26.238591214181888
14.084146883576697 26.488427785767822
0.0 0.0
14.084146883576697 26.488427785767822
13.619714992186376 26.73019572565105
0.0 0.0
13.619714992186376 26.73019572565105
13.151134403672295 26.963821388975024
0.0 0.0
13.151134403672295 26.963821388975024
12.678547852220953 27.18923361109951
0.0 0.0
12.678547852220953 27.18923361109951
12.202099292273974 27.406363729278038
0.0 0.0
12.202099292273974 27.406363729278038
11.72193385467818 27.615145603573225
0.0 0.0
11.72193385467818 27.615145603573225
11.238197802477329 27.815515637003635
0.0 0.0
11.238197802477329 27.815515637003635
10.751038486358976 28.007412794916064
0.0 0.0
10.751038486358976 28.007412794916064
10.260604299770026 28.190778623577263
0.0 0.0
10.260604299770026 28.190778623577263
9.767044633714665 28.365557267979515
0.0 0.0
9.767044633714665 28.365557267979515
9.270509831248386 28.53169548885462
0.0 0.0
9.270509831248386 28.53169548885462
8.771151141682065 28.689142678891077
0.0 0.0
8.771151141682065 28.689142678891077
8.269120674509937 28.837850878149577
0.0 0.0
8.269120674509937 28.837850878149577
7.764571353075584 28.977774788672058
0.0 0.0
7.764571353075584 28.977774788672058
7.257656867989991 29.108871788279906
0.0 0.0
7.257656867989991 29.108871788279906
6.7485316303159095 29.231101943557068
0.0 0.0
6.7485316303159095 29.231101943557068
6.237350724532739 29.344428022014178
0.0 0.0
6.237350724532739 29.344428022014178
5.724269861296301 29.448815503429927
0.0 0.0
5.724269861296301 29.448815503429927
5.209445330007867 29.54423259036625
0.0 0.0
5.209445330007867 29.54423259036625
4.693033951206882 29.63065021785414
0.0 0.0
4.693033951206882 29.63065021785414
4.175193028801918 29.708042062247113
0.0 0.0
4.175193028801918 29.708042062247113
3.6560803021543786 29.776384549239665
0.0 0.0
3.6560803021543786 29.776384549239665
3.135853898029557 29.835656861048207
0.0 0.0
3.135853898029557 29.835656861048207
2.6146722824296975 29.88584094275237
0.0 0.0
2.6146722824296975 29.88584094275237
2.0926942123237104 29.92692150779473
0.0 0.0
2.0926942123237104 29.92692150779473
1.5700786872882657 29.958886042637218
0.0 0.0
1.5700786872882657 29.958886042637218
1.0469849010749792 29.981724810572874
0.0 0.0
1.0469849010749792 29.981724810572874
0.5235721931184547 29.995430854691737
0.0 0.0
0.5235721931184547 29.995430854691737
-5.1453734983286487e-14 30.0
0.0 0.0
-5.1453734983286487e-14 30.0
-0.5235721931185576 29.995430854691733
0.0 0.0
-0.5235721931185576 29.995430854691733
-1.046984901075082 29.98172481057287
0.0 0.0
-1.046984901075082 29.98172481057287
-1.5700786872883685 29.958886042637214
0.0 0.0
-1.5700786872883685 29.958886042637214
-2.092694212323813 29.926921507794724
0.0 0.0
-2.092694212323813 29.926921507794724
-2.6146722824298 29.88584094275236
0.0 0.0
-2.6146722824298 29.88584094275236
-3.1358538980296595 29.835656861048196
0.0 0.0
-3.1358538980296595 29.835656861048196
-3.6560803021544803 29.77638454923965
0.0 0.0
-3.6560803021544803 29.77638454923965
-4.17519302880202 29.708042062247102
0.0 0.0
-4.17519302880202 29.708042062247102
-4.693033951206983 29.63065021785412
0.0 0.0
-4.693033951206983 29.63065021785412
-5.209445330007968 29.54423259036623
0.0 0.0
-5.209445330007968 29.54423259036623
-5.724269861296403 29.448815503429906
0.0 0.0
-5.724269861296403 29.448815503429906
-6.237350724532838 29.344428022014156
0.0 0.0
-6.237350724532838 29.344428022014156
-6.748531630316009 29.231101943557043
0.0 0.0
-6.748531630316009 29.231101943557043
-7.257656867990091 29.10887178827988
0.0 0.0
-7.257656867990091 29.10887178827988
-7.764571353075683 28.977774788672033
0.0 0.0
-7.764571353075683 28.977774788672033
-8.269120674510036 28.83785087814955
0.0 0.0
-8.269120674510036 28.83785087814955
-8.771151141682163 28.689142678891045
0.0 0.0
-8.771151141682163 28.689142678891045
-9.270509831248484 28.531695488854584
0.0 0.0
-9.270509831248484 28.531695488854584
-9.767044633714761 28.365557267979483
0.0 0.0
-9.767044633714761 28.365557267979483
-10.260604299770124 28.19077862357723
0.0 0.0
-10.260604299770124 28.19077862357723
-10.75103848635907 28.00741279491603
0.0 0.0
-10.75103848635907 28.00741279491603
-11.238197802477425 27.815515637003596
0.0 0.0
-11.238197802477425 27.815515637003596
-11.721933854678275 27.615145603573186
0.0 0.0
-11.721933854678275 27.615145603573186
-12.20209929227407 27.406363729278
0.0 0.0
-12.20209929227407 27.406363729278
-12.67854785222104 27.18923361109947
0.0 0.0
-12.67854785222104 27.18923361109947
-13.151134403672375 26.963821388974985
0.0 0.0
-13.151134403672375 26.963821388974985
-13.619714992186449 26.730195725651015
0.0 0.0
-13.619714992186449 26.730195725651015
-14.084146883576762 26.488427785767787
0.0 0.0
-14.084146883576762 26.488427785767787
-14.544288607390145 26.238591214181856
0.0 0.0
-14.544288607390145 26.238591214181856
-15.00000000000003 25.980762113533142
0.0 0.0
-15.00000000000003 25.980762113533142
-15.451142247301648 25.715019021063352
0.0 0.0
-15.451142247301648 25.715019021063352
-15.897577926996167 25.44144288469277
0.0 0.0
-15.897577926996167 25.44144288469277
-16.339171050450826 25.16011703836271
0.0 0.0
-16.339171050450826 25.16011703836271
-16.775787104122415 24.871127176651246
0.0 0.0
-16.775787104122415 24.871127176651246
-17.207293090531383 24.574561328669752
0.0 0.0
-17.207293090531383 24.574561328669752
-17.63355756877419 24.270509831248425
0.0 0.0
-17.63355756877419 24.270509831248425
-18.054450694561442 23.959065301418793
0.0 0.0
-18.054450694561442 23.959065301418793
-18.469844259769737 23.640322608201668
0.0 0.0
-18.469844259769737 23.640322608201668
-18.879611731495107 23.31437884370914
0.0 0.0
-18.879611731495107 23.31437884370914
-19.283628290596162 22.981333293569357
0.0 0.0
-19.283628290596162 22.981333293569357
-19.681770869715194 22.64128740668318
0.0 0.0
-19.681770869715194 22.64128740668318
-20.073918190765717 22.29434476432185
0.0 0.0
-20.073918190765717 22.29434476432185
-20.45995080187492 21.940611048575143
0.0 0.0
-20.45995080187492 21.940611048575143
-20.839751113769882 21.58019401015957
0.0 0.0
-20.839751113769882 21.58019401015957
-21.213203435596387 21.213203435596466
0.0 0.0
-21.213203435596387 21.213203435596466
-21.58019401015949 20.839751113769964
0.0 0.0
-21.58019401015949 20.839751113769964
-21.940611048575068 20.459950801875003
0.0 0.0
-21.940611048575068 20.459950801875003
-22.294344764321778 20.073918190765802
0.0 0.0
-22.294344764321778 20.073918190765802
-22.64128740668311 19.68177086971528
0.0 0.0
-22.64128740668311 19.68177086971528
-22.981333293569286 19.283628290596244
0.0 0.0
-22.981333293569286 19.283628290596244
-23.31437884370907 18.879611731495196
0.0 0.0
-23.31437884370907 18.879611731495196
-23.640322608201597 18.469844259769825
0.0 0.0
-23.640322608201597 18.469844259769825
-23.959065301418722 18.05445069456153
0.0 0.0
-23.959065301418722 18.05445069456153
-24.270509831248358 17.633557568774282
0.0 0.0
-24.270509831248358 17.633557568774282
-24.574561328669688 17.20729309053148
0.0 0.0
-24.574561328669688 17.20729309053148
-24.871127176651182 16.775787104122504
0.0 0.0
-24.871127176651182 16.775787104122504
-25.160117038362653 16.33917105045092
0.0 0.0
-25.160117038362653 16.33917105045092
-25.44144288469271 15.89757792699626
0.0 0.0
-25.44144288469271 15.89757792699626
-25.7150190210633 15.451142247301744
0.0 0.0
-25.7150190210633 15.451142247301744
-25.98076211353309 15.000000000000126
0.0 0.0
-25.98076211353309 15.000000000000126
-26.2385912141818 14.544288607390243
0.0 0.0
-26.2385912141818 14.544288607390243
-26.488427785767733 14.084146883576862
0.0 0.0
-26.488427785767733 14.084146883576862
-26.73019572565096 13.619714992186548
0.0 0.0
-26.73019572565096 13.619714992186548
-26.963821388974935 13.151134403672474
0.0 0.0
-26.963821388974935 13.151134403672474
-27.189233611099425 12.678547852221142
0.0 0.0
-27.189233611099425 12.678547852221142
-27.406363729277953 12.202099292274172
0.0 0.0
-27.406363729277953 12.202099292274172
-27.615145603573136 11.721933854678385
0.0 0.0
-27.615145603573136 11.721933854678385
-27.81551563700355 11.23819780247754
0.0 0.0
-27.81551563700355 11.23819780247754
-28.007412794915982 10.751038486359192
0.0 0.0
-28.007412794915982 10.751038486359192
-28.190778623577184 10.260604299770254
0.0 0.0
-28.190778623577184 10.260604299770254
-28.365557267979437 9.7670446337149
0.0 0.0
-28.365557267979437 9.7670446337149
-28.531695488854538 9.270509831248628
0.0 0.0
-28.531695488854538 9.270509831248628
-28.689142678891 8.771151141682315
0.0 0.0
-28.689142678891 8.771151141682315
-28.837850878149503 8.269120674510194
0.0 0.0
-28.837850878149503 8.269120674510194
-28.97777478867199 7.764571353075849
0.0 0.0
-28.97777478867199 7.764571353075849
-29.10887178827984 7.257656867990265
0.0 0.0
-29.10887178827984 7.257656867990265
-29.231101943557 6.74853163031619
0.0 0.0
-29.231101943557 6.74853163031619
-29.344428022014117 6.237350724533027
0.0 0.0
-29.344428022014117 6.237350724533027
-29.44881550342987 5.724269861296598
0.0 0.0
-29.44881550342987 5.724269861296598
-29.544232590366196 5.209445330008171
0.0 0.0
-29.544232590366196 5.209445330008171
-29.63065021785409 4.693033951207193
0.0 0.0
-29.63065021785409 4.693033951207193
-29.70804206224707 4.175193028802236
0.0 0.0
-29.70804206224707 4.175193028802236
-29.776384549239626 3.656080302154704
0.0 0.0
-29.776384549239626 3.656080302154704
-29.835656861048168 3.13585389802989
0.0 0.0
-29.835656861048168 3.13585389802989
-29.88584094275234 2.6146722824300377
0.0 0.0
-29.88584094275234 2.6146722824300377
-29.926921507794706 2.092694212324058
0.0 0.0
-29.926921507794706 2.092694212324058
-29.9588860426372 1.5700786872886203
0.0 0.0
-29.9588860426372 1.5700786872886203
-29.98172481057286 1.0469849010753405
0.0 0.0
-29.98172481057286 1.0469849010753405
-29.995430854691733 0.5235721931188229
0.0 0.0
-29.995430854691733 0.5235721931188229
-30.0 3.2341817148948714e-13
0.0 0.0
-30.0 3.2341817148948714e-13
-29.99543085469174 -0.523572193118176
0.0 0.0
-29.99543085469174 -0.523572193118176
-29.98172481057288 -1.046984901074694
0.0 0.0
-29.98172481057288 -1.046984901074694
-29.958886042637236 -1.5700786872879742
0.0 0.0
-29.958886042637236 -1.5700786872879742
-29.926921507794752 -2.092694212323413
0.0 0.0
-29.926921507794752 -2.092694212323413
-29.885840942752395 -2.6146722824293938
0.0 0.0
-29.885840942752395 -2.6146722824293938
-29.83565686104824 -3.135853898029247
0.0 0.0
-29.83565686104824 -3.135853898029247
-29.776384549239705 -3.656080302154062
0.0 0.0
-29.776384549239705 -3.656080302154062
-29.70804206224716 -4.175193028801596
0.0 0.0
-29.70804206224716 -4.175193028801596
-29.63065021785419 -4.693033951206554
0.0 0.0
-29.63065021785419 -4.693033951206554
-29.544232590366306 -5.209445330007534
0.0 0.0
-29.544232590366306 -5.209445330007534
-29.44881550342999 -5.724269861295963
0.0 0.0
-29.44881550342999 -5.724269861295963
-29.34442802201425 -6.237350724532394
0.0 0.0
-29.34442802201425 -6.237350724532394
-29.231101943557146 -6.74853163031556
0.0 0.0
-29.231101943557146 -6.74853163031556
-29.108871788279995 -7.257656867989637
0.0 0.0
-29.108871788279995 -7.257656867989637
-28.977774788672157 -7.764571353075224
0.0 0.0
-28.977774788672157 -7.764571353075224
-28.83785087814968 -8.269120674509573
0.0 0.0
-28.83785087814968 -8.269120674509573
-28.68914267889119 -8.771151141681697
0.0 0.0
-28.68914267889119 -8.771151141681697
-28.53169548885474 -9.270509831248013
0.0 0.0
-28.53169548885474 -9.270509831248013
-28.365557267979646 -9.767044633714288
0.0 0.0
-28.365557267979646 -9.767044633714288
-28.1907786235774 -10.260604299769646
0.0 0.0
-28.1907786235774 -10.260604299769646
-28.007412794916213 -10.75103848635859
0.0 0.0
-28.007412794916213 -10.75103848635859
-27.81551563700379 -11.238197802476941
0.0 0.0
-27.81551563700379 -11.238197802476941
-27.615145603573392 -11.721933854677788
0.0 0.0
-27.615145603573392 -11.721933854677788
-27.406363729278215 -12.20209929227358
0.0 0.0
-27.406363729278215 -12.20209929227358
-27.1892336110997 -12.678547852220555
0.0 0.0
-27.1892336110997 -12.678547852220555
-26.96382138897522 -13.151134403671893
0.0 0.0
-26.96382138897522 -13.151134403671893
-26.730195725651257 -13.619714992185973
0.0 0.0
-26.730195725651257 -13.619714992185973
-26.48842778576804 -14.084146883576292
0.0 0.0
-26.48842778576804 -14.084146883576292
-26.238591214182115 -14.544288607389678
0.0 0.0
-26.238591214182115 -14.544288607389678
-25.980762113533412 -14.999999999999565
0.0 0.0
-25.980762113533412 -14.999999999999565
-25.71501902106363 -15.451142247301192
0.0 0.0
-25.71501902106363 -15.451142247301192
-25.441442884693053 -15.897577926995714
0.0 0.0
-25.441442884693053 -15.897577926995714
-25.160117038363005 -16.339171050450375
0.0 0.0
-25.160117038363005 -16.339171050450375
-24.871127176651544 -16.77578710412197
0.0 0.0
-24.871127176651544 -16.77578710412197
-24.574561328670057 -17.20729309053095
0.0 0.0
-24.574561328670057 -17.20729309053095
-24.27050983124874 -17.633557568773757
0.0 0.0
-24.27050983124874 -17.633557568773757
-23.959065301419113 -18.054450694561016
0.0 0.0
-23.959065301419113 -18.054450694561016
-23.640322608202 -18.469844259769317
0.0 0.0
-23.640322608202 -18.469844259769317
-23.314378843709477 -18.87961173149469
0.0 0.0
-23.314378843709477 -18.87961173149469
-22.9813332935697 -19.28362829059575
0.0 0.0
-22.9813332935697 -19.28362829059575
-22.64128740668353 -19.681770869714793
0.0 0.0
-22.64128740668353 -19.681770869714793
-22.29434476432221 -20.07391819076532
0.0 0.0
-22.29434476432221 -20.07391819076532
-21.94061104857551 -20.45995080187453
0.0 0.0
-21.94061104857551 -20.45995080187453
-21.58019401015994 -20.8397511137695
0.0 0.0
-21.58019401015994 -20.8397511137695
-21.213203435596842 -21.213203435596007
0.0 0.0
-21.213203435596842 -21.213203435596007
-20.839751113770348 -21.58019401015912
0.0 0.0
-20.839751113770348 -21.58019401015912
-20.459950801875394 -21.940611048574706
0.0 0.0
-20.459950801875394 -21.940611048574706
-20.0739181907662 -22.294344764321423
0.0 0.0
-20.0739181907662 -22.294344764321423
-19.68177086971568 -22.641287406682757
0.0 0.0
-19.68177086971568 -22.641287406682757
-19.283628290596653 -22.981333293568944
0.0 0.0
-19.283628290596653 -22.981333293568944
-18.87961173149561 -23.314378843708734
0.0 0.0
-18.87961173149561 -23.314378843708734
-18.469844259770248 -23.64032260820127
0.0 0.0
-18.469844259770248 -23.64032260820127
-18.054450694561957 -23.959065301418402
0.0 0.0
-18.054450694561957 -23.959065301418402
-17.633557568774712 -24.270509831248045
0.0 0.0
-17.633557568774712 -24.270509831248045
-17.207293090531913 -24.574561328669382
0.0 0.0
-17.207293090531913 -24.574561328669382
-16.77578710412295 -24.871127176650884
0.0 0.0
-16.77578710412295 -24.871127176650884
-16.33917105045137 -25.160117038362362
0.0 0.0
-16.33917105045137 -25.160117038362362
-15.897577926996716 -25.441442884692425
0.0 0.0
-15.897577926996716 -25.441442884692425
-15.451142247302204 -25.71501902106302
0.0 0.0
-15.451142247302204 -25.71501902106302
-15.00000000000059 -25.98076211353282
0.0 0.0
-15.00000000000059 -25.98076211353282
-14.544288607390712 -26.238591214181543
0.0 0.0
-14.544288607390712 -26.238591214181543
-14.084146883577334 -26.488427785767485
0.0 0.0
-14.084146883577334 -26.488427785767485
-13.619714992187026 -26.73019572565072
0.0 0.0
-13.619714992187026 -26.73019572565072
-13.151134403672955 -26.9638213889747
0.0 0.0
-13.151134403672955 -26.9638213889747
-12.678547852221627 -27.189233611099198
0.0 0.0
-12.678547852221627 -27.189233611099198
-12.20209929227466 -27.406363729277736
0.0 0.0
-12.20209929227466 -27.406363729277736
-11.721933854678877 -27.615145603572927
0.0 0.0
-11.721933854678877 -27.615145603572927
-11.238197802478036 -27.81551563700335
0.0 0.0
-11.238197802478036 -27.81551563700335
-10.751038486359693 -28.00741279491579
0.0 0.0
-10.751038486359693 -28.00741279491579
-10.260604299770758 -28.190778623577
0.0 0.0
-10.260604299770758 -28.190778623577
-9.767044633715406 -28.365557267979263
0.0 0.0
-9.767044633715406 -28.365557267979263
-9.270509831249138 -28.531695488854375
0.0 0.0
-9.270509831249138 -28.531695488854375
-8.771151141682825 -28.689142678890843
0.0 0.0
-8.771151141682825 -28.689142678890843
-8.26912067451071 -28.837850878149357
0.0 0.0
-8.26912067451071 -28.837850878149357
-7.764571353076365 -28.977774788671848
0.0 0.0
-7.764571353076365 -28.977774788671848
-7.257656867990784 -29.108871788279707
0.0 0.0
-7.257656867990784 -29.108871788279707
-6.7485316303167115 -29.23110194355688
0.0 0.0
-6.7485316303167115 -29.23110194355688
-6.23735072453355 -29.344428022014004
0.0 0.0
-6.23735072453355 -29.344428022014004
-5.724269861297123 -29.448815503429767
0.0 0.0
-5.724269861297123 -29.448815503429767
-5.2094453300086965 -29.544232590366104
0.0 0.0
-5.2094453300086965 -29.544232590366104
-4.69303395120772 -29.630650217854008
0.0 0.0
-4.69303395120772 -29.630650217854008
-4.175193028802766 -29.708042062246996
0.0 0.0
-4.175193028802766 -29.708042062246996
-3.656080302155235 -29.776384549239562
0.0 0.0
-3.656080302155235 -29.776384549239562
-3.135853898030422 -29.835656861048115
0.0 0.0
-3.135853898030422 -29.835656861048115
-2.6146722824305706 -29.885840942752292
0.0 0.0
-2.6146722824305706 -29.885840942752292
-2.0926942123245915 -29.92692150779467
0.0 0.0
-2.0926942123245915 -29.92692150779467
-1.5700786872891541 -29.95888604263717
0.0 0.0
-1.5700786872891541 -29.95888604263717
-1.046984901075875 -29.981724810572842
0.0 0.0
-1.046984901075875 -29.981724810572842
-0.5235721931193574 -29.995430854691723
0.0 0.0
-0.5235721931193574 -29.995430854691723
-8.581621935082833e-13 -30.0
0.0 0.0
-8.581621935082833e-13 -30.0
0.5235721931176415 -29.99543085469175
0.0 0.0
0.5235721931176415 -29.99543085469175
1.0469849010741596 -29.981724810572903
0.0 0.0
1.0469849010741596 -29.981724810572903
1.5700786872874402 -29.95888604263726
0.0 0.0
1.5700786872874402 -29.95888604263726
2.0926942123228796 -29.926921507794788
0.0 0.0
2.0926942123228796 -29.926921507794788
2.614672282428861 -29.88584094275244
0.0 0.0
2.614672282428861 -29.88584094275244
3.1358538980287154 -29.835656861048292
0.0 0.0
3.1358538980287154 -29.835656861048292
3.6560803021535313 -29.77638454923977
0.0 0.0
3.6560803021535313 -29.77638454923977
4.175193028801067 -29.708042062247234
0.0 0.0
4.175193028801067 -29.708042062247234
4.693033951206026 -29.630650217854274
0.0 0.0
4.693033951206026 -29.630650217854274
5.209445330007006 -29.544232590366402
0.0 0.0
5.209445330007006 -29.544232590366402
5.724269861295438 -29.448815503430097
0.0 0.0
5.724269861295438 -29.448815503430097
6.237350724531871 -29.344428022014363
0.0 0.0
6.237350724531871 -29.344428022014363
6.748531630315038 -29.231101943557267
0.0 0.0
6.748531630315038 -29.231101943557267
7.257656867989119 -29.10887178828012
0.0 0.0
7.257656867989119 -29.10887178828012
7.764571353074708 -28.977774788672292
0.0 0.0
7.764571353074708 -28.977774788672292
8.26912067450906 -28.83785087814983
0.0 0.0
8.26912067450906 -28.83785087814983
8.771151141681184 -28.689142678891347
0.0 0.0
8.771151141681184 -28.689142678891347
9.270509831247505 -28.531695488854904
0.0 0.0
9.270509831247505 -28.531695488854904
9.767044633713782 -28.36555726797982
0.0 0.0
9.767044633713782 -28.36555726797982
10.260604299769144 -28.190778623577586
0.0 0.0
10.260604299769144 -28.190778623577586
10.751038486358091 -28.007412794916405
0.0 0.0
10.751038486358091 -28.007412794916405
11.238197802476444 -27.815515637003994
0.0 0.0
11.238197802476444 -27.815515637003994
11.721933854677298 -27.6151456035736
0.0 0.0
11.721933854677298 -27.6151456035736
12.202099292273092 -27.406363729278436
0.0 0.0
12.202099292273092 -27.406363729278436
12.67854785222007 -27.189233611099926
0.0 0.0
12.67854785222007 -27.189233611099926
13.151134403671414 -26.963821388975454
0.0 0.0
13.151134403671414 -26.963821388975454
13.619714992185497 -26.730195725651498
0.0 0.0
13.619714992185497 -26.730195725651498
14.084146883575817 -26.488427785768287
0.0 0.0
14.084146883575817 -26.488427785768287
14.544288607389209 -26.238591214182375
0.0 0.0
14.544288607389209 -26.238591214182375
14.999999999999103 -25.98076211353368
0.0 0.0
14.999999999999103 -25.98076211353368
15.451142247300732 -25.715019021063906
0.0 0.0
15.451142247300732 -25.715019021063906
15.897577926995261 -25.441442884693334
0.0 0.0
15.897577926995261 -25.441442884693334
16.33917105044993 -25.160117038363296
0.0 0.0
16.33917105044993 -25.160117038363296
16.775787104121523 -24.871127176651846
0.0 0.0
16.775787104121523 -24.871127176651846
17.20729309053051 -24.574561328670363
0.0 0.0
17.20729309053051 -24.574561328670363
17.633557568773327 -24.270509831249054
0.0 0.0
17.633557568773327 -24.270509831249054
18.05445069456059 -23.959065301419436
0.0 0.0
18.05445069456059 -23.959065301419436
18.46984425976889 -23.640322608202325
0.0 0.0
18.46984425976889 -23.640322608202325
18.879611731494276 -23.314378843709815
0.0 0.0
18.879611731494276 -23.314378843709815
19.283628290595342 -22.981333293570046
0.0 0.0
19.283628290595342 -22.981333293570046
19.681770869714384 -22.641287406683883
0.0 0.0
19.681770869714384 -22.641287406683883
20.073918190764925 -22.29434476432257
0.0 0.0
20.073918190764925 -22.29434476432257
20.459950801874143 -21.940611048575875
0.0 0.0
20.459950801874143 -21.940611048575875
20.83975111376911 -21.580194010160312
0.0 0.0
20.83975111376911 -21.580194010160312
21.21320343559563 -21.21320343559722
0.0 0.0
21.21320343559563 -21.21320343559722
21.580194010158745 -20.839751113770735
0.0 0.0
21.580194010158745 -20.839751113770735
21.940611048574336 -20.459950801875788
0.0 0.0
21.940611048574336 -20.459950801875788
22.29434476432106 -20.073918190766598
0.0 0.0
22.29434476432106 -20.073918190766598
22.641287406682405 -19.681770869716082
0.0 0.0
22.641287406682405 -19.681770869716082
22.981333293568596 -19.283628290597065
0.0 0.0
22.981333293568596 -19.283628290597065
23.314378843708393 -18.879611731496027
0.0 0.0
23.314378843708393 -18.879611731496027
23.64032260820094 -18.469844259770667
0.0 0.0
23.64032260820094 -18.469844259770667
23.95906530141808 -18.054450694562384
0.0 0.0
23.95906530141808 -18.054450694562384
24.27050983124773 -17.633557568775146
0.0 0.0
24.27050983124773 -17.633557568775146
24.574561328669073 -17.207293090532353
0.0 0.0
24.574561328669073 -17.207293090532353
24.871127176650585 -16.775787104123392
0.0 0.0
24.871127176650585 -16.775787104123392
25.160117038362067 -16.339171050451814
0.0 0.0
25.160117038362067 -16.339171050451814
25.441442884692144 -15.897577926997169
0.0 0.0
25.441442884692144 -15.897577926997169
25.715019021062748 -15.451142247302661
0.0 0.0
25.715019021062748 -15.451142247302661
25.980762113532553 -15.000000000001052
0.0 0.0
25.980762113532553 -15.000000000001052
26.238591214181284 -14.544288607391177
0.0 0.0
26.238591214181284 -14.544288607391177
26.488427785767232 -14.084146883577807
0.0 0.0
26.488427785767232 -14.084146883577807
26.73019572565048 -13.619714992187502
0.0 0.0
26.73019572565048 -13.619714992187502
26.96382138897447 -13.151134403673437
0.0 0.0
26.96382138897447 -13.151134403673437
27.18923361109897 -12.67854785222211
0.0 0.0
27.18923361109897 -12.67854785222211
27.40636372927752 -12.202099292275149
0.0 0.0
27.40636372927752 -12.202099292275149
27.615145603572717 -11.721933854679369
0.0 0.0
27.615145603572717 -11.721933854679369
27.81551563700315 -11.238197802478531
0.0 0.0
27.81551563700315 -11.238197802478531
28.0074127949156 -10.751038486360192
0.0 0.0
28.0074127949156 -10.751038486360192
28.190778623576815 -10.26060429977126
0.0 0.0
28.190778623576815 -10.26060429977126
28.36555726797909 -9.76704463371591
0.0 0.0
28.36555726797909 -9.76704463371591
28.53169548885421 -9.270509831249646
0.0 0.0
28.53169548885421 -9.270509831249646
28.689142678890686 -8.771151141683337
0.0 0.0
28.689142678890686 -8.771151141683337
28.837850878149208 -8.269120674511225
0.0 0.0
28.837850878149208 -8.269120674511225
28.97777478867171 -7.7645713530768825
0.0 0.0
28.97777478867171 -7.7645713530768825
29.10887178827958 -7.257656867991303
0.0 0.0
29.10887178827958 -7.257656867991303
29.231101943556762 -6.748531630317231
0.0 0.0
29.231101943556762 -6.748531630317231
29.344428022013894 -6.237350724534073
0.0 0.0
29.344428022013894 -6.237350724534073
29.448815503429667 -5.724269861297647
0.0 0.0
29.448815503429667 -5.724269861297647
29.54423259036601 -5.209445330009224
0.0 0.0
29.54423259036601 -5.209445330009224
29.630650217853923 -4.693033951208249
0.0 0.0
29.630650217853923 -4.693033951208249
29.70804206224692 -4.175193028803295
0.0 0.0
29.70804206224692 -4.175193028803295
29.776384549239495 -3.6560803021557655
0.0 0.0
29.776384549239495 -3.6560803021557655
29.835656861048058 -3.135853898030954
0.0 0.0
29.835656861048058 -3.135853898030954
29.885840942752246 -2.614672282431103
0.0 0.0
29.885840942752246 -2.614672282431103
29.92692150779463 -2.0926942123251244
0.0 0.0
29.92692150779463 -2.0926942123251244
29.958886042637147 -1.5700786872896881
0.0 0.0
29.958886042637147 -1.5700786872896881
29.98172481057282 -1.0469849010764094
0.0 0.0
29.98172481057282 -1.0469849010764094
29.995430854691712 -0.5235721931198921
0.0 0.0
29.995430854691712 -0.5235721931198921
30.0 -1.3929062155270794e-12
0.0 0.0
