3.061616997868383e-15 50.0
0.8726203218641799 49.992384757819565
0.0 0.0
0.8726203218641799 49.992384757819565
1.744974835125054 49.969541350954785
0.0 0.0
1.744974835125054 49.969541350954785
2.6167978121471984 49.931476737728694
0.0 0.0
2.6167978121471984 49.931476737728694
3.487823687206273 49.87820251299121
0.0 0.0
3.487823687206273 49.87820251299121
4.357787137382918 49.80973490458728
0.0 0.0
4.357787137382918 49.80973490458728
5.226423163382684 49.72609476841367
0.0 0.0
5.226423163382684 49.72609476841367
6.0934671702573855 49.6273075820661
0.0 0.0
6.0934671702573855 49.6273075820661
6.958655048003284 49.513403437078516
0.0 0.0
6.958655048003284 49.513403437078516
7.821723252011557 49.38441702975688
0.0 0.0
7.821723252011557 49.38441702975688
8.682408883346532 49.2403876506104
0.0 0.0
8.682408883346532 49.2403876506104
9.540449768827257 49.081359172383195
0.0 0.0
9.540449768827257 49.081359172383195
10.395584540887985 48.90738003669028
0.0 0.0
10.395584540887985 48.90738003669028
11.247552717193269 48.71850323926176
0.0 0.0
11.247552717193269 48.71850323926176
12.096094779983407 48.51478631379982
0.0 0.0
12.096094779983407 48.51478631379982
12.94095225512606 48.29629131445341
0.0 0.0
12.94095225512606 48.29629131445341
13.781867790849981 48.06308479691594
0.0 0.0
13.781867790849981 48.06308479691594
14.618585236136857 47.81523779815176
0.0 0.0
14.618585236136857 47.81523779815176
15.450849718747396 47.55282581475767
0.0 0.0
15.450849718747396 47.55282581475767
16.278407722857857 47.27592877996583
0.0 0.0
16.278407722857857 47.27592877996583
17.101007166283463 46.98463103929541
0.0 0.0
17.101007166283463 46.98463103929541
17.918397477265042 46.679021324860074
0.0 0.0
17.918397477265042 46.679021324860074
18.73032967079563 46.35919272833936
0.0 0.0
18.73032967079563 46.35919272833936
19.536556424463715 46.025242672622
0.0 0.0
19.536556424463715 46.025242672622
20.33683215379004 45.67727288213003
0.0 0.0
20.33683215379004 45.67727288213003
21.130913087035 45.315389351832486
0.0 0.0
21.130913087035 45.315389351832486
21.9185573394539 44.93970231495833
0.0 0.0
21.9185573394539 44.93970231495833
22.69952498697737 44.55032620941838
0.0 0.0
22.69952498697737 44.55032620941838
23.47357813929457 44.147379642946326
0.0 0.0
23.47357813929457 44.147379642946326
24.240481012316884 43.73098535696977
0.0 0.0
24.240481012316884 43.73098535696977
25.000000000000032 43.30127018922191
0.0 0.0
25.000000000000032 43.30127018922191
25.751903745502748 42.85836503510559
0.0 0.0
25.751903745502748 42.85836503510559
26.495963211660285 42.40240480782128
0.0 0.0
26.495963211660285 42.40240480782128
27.23195175075139 41.93352839727118
0.0 0.0
27.23195175075139 41.93352839727118
27.95964517353738 41.45187862775206
0.0 0.0
27.95964517353738 41.45187862775206
28.67882181755234 40.957602214449565
0.0 0.0
28.67882181755234 40.957602214449565
29.389262614623696 40.45084971874734
0.0 0.0
29.389262614623696 40.45084971874734
30.09075115760245 39.931775502364616
0.0 0.0
30.09075115760245 39.931775502364616
30.783073766282953 39.400537680336065
0.0 0.0
30.783073766282953 39.400537680336065
31.466019552491915 38.857298072848515
0.0 0.0
31.466019552491915 38.857298072848515
32.139380484327006 38.30222215594887
0.0 0.0
32.139380484327006 38.30222215594887
32.8029514495254 37.735479011138565
0.0 0.0
32.8029514495254 37.735479011138565
33.45653031794295 37.15724127386968
0.0 0.0
33.45653031794295 37.15724127386968
34.09991800312496 36.56768508095848
0.0 0.0
34.09991800312496 36.56768508095848
34.7329185229499 35.96699001693251
0.0 0.0
34.7329185229499 35.96699001693251
35.35533905932742 35.355339059327335
0.0 0.0
35.35533905932742 35.355339059327335
35.9669900169326 34.732918522949824
0.0 0.0
35.9669900169326 34.732918522949824
36.56768508095857 34.09991800312488
0.0 0.0
36.56768508095857 34.09991800312488
37.15724127386975 33.456530317942864
0.0 0.0
37.15724127386975 33.456530317942864
37.73547901113864 32.80295144952532
0.0 0.0
37.73547901113864 32.80295144952532
38.30222215594894 32.13938048432692
0.0 0.0
38.30222215594894 32.13938048432692
38.857298072848586 31.466019552491826
0.0 0.0
38.857298072848586 31.466019552491826
39.40053768033614 30.783073766282865
0.0 0.0
39.40053768033614 30.783073766282865
39.93177550236468 30.09075115760236
0.0 0.0
39.93177550236468 30.09075115760236
40.45084971874741 29.3892626146236
0.0 0.0
40.45084971874741 29.3892626146236
40.95760221444963 28.678821817552247
0.0 0.0
40.95760221444963 28.678821817552247
41.45187862775212 27.959645173537282
0.0 0.0
41.45187862775212 27.959645173537282
41.93352839727124 27.231951750751293
0.0 0.0
41.93352839727124 27.231951750751293
42.402404807821334 26.495963211660182
0.0 0.0
42.402404807821334 26.495963211660182
42.858365035105656 25.751903745502645
0.0 0.0
42.858365035105656 25.751903745502645
43.30127018922197 24.999999999999932
0.0 0.0
43.30127018922197 24.999999999999932
43.730985356969825 24.240481012316785
0.0 0.0
43.730985356969825 24.240481012316785
44.14737964294638 23.47357813929447
0.0 0.0
44.14737964294638 23.47357813929447
44.55032620941843 22.699524986977266
0.0 0.0
44.55032620941843 22.699524986977266
44.93970231495838 21.9185573394538
0.0 0.0
44.93970231495838 21.9185573394538
45.31538935183253 21.130913087034898
0.0 0.0
45.31538935183253 21.130913087034898
45.677272882130076 20.336832153789935
0.0 0.0
45.677272882130076 20.336832153789935
46.02524267262205 19.536556424463612
0.0 0.0
46.02524267262205 19.536556424463612
46.3591927283394 18.730329670795523
0.0 0.0
46.3591927283394 18.730329670795523
46.67902132486012 17.918397477264932
0.0 0.0
46.67902132486012 17.918397477264932
46.98463103929545 17.101007166283356
0.0 0.0
46.98463103929545 17.101007166283356
47.27592877996587 16.27840772285775
0.0 0.0
47.27592877996587 16.27840772285775
47.5528258147577 15.450849718747287
0.0 0.0
47.5528258147577 15.450849718747287
47.8152377981518 14.618585236136749
0.0 0.0
47.8152377981518 14.618585236136749
48.063084796915966 13.781867790849873
0.0 0.0
48.063084796915966 13.781867790849873
48.29629131445344 12.940952255125948
0.0 0.0
48.29629131445344 12.940952255125948
48.514786313799846 12.096094779983297
0.0 0.0
48.514786313799846 12.096094779983297
48.718503239261786 11.24755271719316
0.0 0.0
48.718503239261786 11.24755271719316
48.9073800366903 10.395584540887876
0.0 0.0
48.9073800366903 10.395584540887876
49.081359172383216 9.54044976882715
0.0 0.0
49.081359172383216 9.54044976882715
49.240387650610415 8.682408883346426
0.0 0.0
49.240387650610415 8.682408883346426
49.3844170297569 7.821723252011453
0.0 0.0
49.3844170297569 7.821723252011453
49.51340343707853 6.958655048003182
0.0 0.0
49.51340343707853 6.958655048003182
49.62730758206611 6.0934671702572825
0.0 0.0
49.62730758206611 6.0934671702572825
49.726094768413674 5.226423163382583
0.0 0.0
49.726094768413674 5.226423163382583
49.80973490458728 4.357787137382818
0.0 0.0
49.80973490458728 4.357787137382818
49.87820251299122 3.4878236872061743
0.0 0.0
49.87820251299122 3.4878236872061743
49.931476737728694 2.6167978121471007
0.0 0.0
49.931476737728694 2.6167978121471007
49.969541350954785 1.7449748351249579
0.0 0.0
49.969541350954785 1.7449748351249579
49.992384757819565 0.872620321864085
0.0 0.0
49.992384757819565 0.872620321864085
50.0 -9.055256544598933e-14
0.0 0.0
50.0 -9.055256544598933e-14
49.99238475781956 -0.8726203218642661
0.0 0.0
49.99238475781956 -0.8726203218642661
49.969541350954785 -1.744974835125139
0.0 0.0
49.969541350954785 -1.744974835125139
49.931476737728694 -2.616797812147282
0.0 0.0
49.931476737728694 -2.616797812147282
49.8782025129912 -3.4878236872063546
0.0 0.0
49.8782025129912 -3.4878236872063546
49.809734904587266 -4.357787137382998
0.0 0.0
49.809734904587266 -4.357787137382998
49.72609476841366 -5.226423163382763
0.0 0.0
49.72609476841366 -5.226423163382763
49.62730758206609 -6.093467170257463
0.0 0.0
49.62730758206609 -6.093467170257463
49.5134034370785 -6.958655048003362
0.0 0.0
49.5134034370785 -6.958655048003362
49.384417029756875 -7.821723252011632
0.0 0.0
49.384417029756875 -7.821723252011632
49.24038765061039 -8.682408883346605
0.0 0.0
49.24038765061039 -8.682408883346605
49.08135917238318 -9.54044976882733
0.0 0.0
49.08135917238318 -9.54044976882733
48.90738003669026 -10.395584540888054
0.0 0.0
48.90738003669026 -10.395584540888054
48.71850323926174 -11.247552717193336
0.0 0.0
48.71850323926174 -11.247552717193336
48.5147863137998 -12.096094779983472
0.0 0.0
48.5147863137998 -12.096094779983472
48.29629131445339 -12.940952255126126
0.0 0.0
48.29629131445339 -12.940952255126126
48.063084796915916 -13.781867790850047
0.0 0.0
48.063084796915916 -13.781867790850047
47.81523779815175 -14.618585236136925
0.0 0.0
47.81523779815175 -14.618585236136925
47.55282581475765 -15.450849718747461
0.0 0.0
47.55282581475765 -15.450849718747461
47.27592877996581 -16.278407722857924
0.0 0.0
47.27592877996581 -16.278407722857924
46.98463103929539 -17.101007166283527
0.0 0.0
46.98463103929539 -17.101007166283527
46.67902132486005 -17.918397477265106
0.0 0.0
46.67902132486005 -17.918397477265106
46.35919272833933 -18.730329670795694
0.0 0.0
46.35919272833933 -18.730329670795694
46.02524267262198 -19.53655642446378
0.0 0.0
46.02524267262198 -19.53655642446378
45.677272882130005 -20.336832153790102
0.0 0.0
45.677272882130005 -20.336832153790102
45.31538935183245 -21.130913087035065
0.0 0.0
45.31538935183245 -21.130913087035065
44.9397023149583 -21.918557339453965
0.0 0.0
44.9397023149583 -21.918557339453965
44.550326209418344 -22.699524986977433
0.0 0.0
44.550326209418344 -22.699524986977433
44.1473796429463 -23.47357813929463
0.0 0.0
44.1473796429463 -23.47357813929463
43.73098535696974 -24.240481012316945
0.0 0.0
43.73098535696974 -24.240481012316945
43.30127018922188 -25.000000000000096
0.0 0.0
43.30127018922188 -25.000000000000096
42.85836503510556 -25.7519037455028
0.0 0.0
42.85836503510556 -25.7519037455028
42.40240480782124 -26.49596321166034
0.0 0.0
42.40240480782124 -26.49596321166034
41.93352839727114 -27.23195175075145
0.0 0.0
41.93352839727114 -27.23195175075145
41.45187862775202 -27.959645173537435
0.0 0.0
41.45187862775202 -27.959645173537435
40.95760221444952 -28.678821817552397
0.0 0.0
40.95760221444952 -28.678821817552397
40.45084971874731 -29.38926261462375
0.0 0.0
40.45084971874731 -29.38926261462375
39.931775502364566 -30.090751157602508
0.0 0.0
39.931775502364566 -30.090751157602508
39.40053768033602 -30.78307376628301
0.0 0.0
39.40053768033602 -30.78307376628301
38.857298072848465 -31.466019552491964
0.0 0.0
38.857298072848465 -31.466019552491964
38.302222155948826 -32.139380484327056
0.0 0.0
38.302222155948826 -32.139380484327056
37.73547901113852 -32.80295144952546
0.0 0.0
37.73547901113852 -32.80295144952546
37.15724127386963 -33.456530317943
0.0 0.0
37.15724127386963 -33.456530317943
36.56768508095844 -34.09991800312501
0.0 0.0
36.56768508095844 -34.09991800312501
35.96699001693247 -34.73291852294995
0.0 0.0
35.96699001693247 -34.73291852294995
35.35533905932729 -35.35533905932747
0.0 0.0
35.35533905932729 -35.35533905932747
34.732918522949774 -35.96699001693264
0.0 0.0
34.732918522949774 -35.96699001693264
34.09991800312483 -36.56768508095861
0.0 0.0
34.09991800312483 -36.56768508095861
33.456530317942814 -37.15724127386979
0.0 0.0
33.456530317942814 -37.15724127386979
32.80295144952527 -37.735479011138686
0.0 0.0
32.80295144952527 -37.735479011138686
32.139380484326864 -38.30222215594898
0.0 0.0
32.139380484326864 -38.30222215594898
31.46601955249177 -38.85729807284863
0.0 0.0
31.46601955249177 -38.85729807284863
30.783073766282808 -39.40053768033618
0.0 0.0
30.783073766282808 -39.40053768033618
30.09075115760231 -39.93177550236472
0.0 0.0
30.09075115760231 -39.93177550236472
29.389262614623547 -40.45084971874745
0.0 0.0
29.389262614623547 -40.45084971874745
28.67882181755219 -40.957602214449665
0.0 0.0
28.67882181755219 -40.957602214449665
27.95964517353723 -41.451878627752166
0.0 0.0
27.95964517353723 -41.451878627752166
27.231951750751236 -41.93352839727128
0.0 0.0
27.231951750751236 -41.93352839727128
26.495963211660133 -42.40240480782137
0.0 0.0
26.495963211660133 -42.40240480782137
25.75190374550259 -42.858365035105685
0.0 0.0
25.75190374550259 -42.858365035105685
24.99999999999988 -43.301270189222
0.0 0.0
24.99999999999988 -43.301270189222
24.240481012316728 -43.73098535696986
0.0 0.0
24.240481012316728 -43.73098535696986
23.473578139294414 -44.14737964294641
0.0 0.0
23.473578139294414 -44.14737964294641
22.699524986977213 -44.55032620941846
0.0 0.0
22.699524986977213 -44.55032620941846
21.91855733945374 -44.93970231495841
0.0 0.0
21.91855733945374 -44.93970231495841
21.13091308703484 -45.31538935183256
0.0 0.0
21.13091308703484 -45.31538935183256
20.336832153789878 -45.677272882130104
0.0 0.0
20.336832153789878 -45.677272882130104
19.53655642446355 -46.02524267262208
0.0 0.0
19.53655642446355 -46.02524267262208
18.730329670795463 -46.35919272833943
0.0 0.0
18.730329670795463 -46.35919272833943
17.918397477264875 -46.679021324860145
0.0 0.0
17.918397477264875 -46.679021324860145
17.101007166283296 -46.98463103929547
0.0 0.0
17.101007166283296 -46.98463103929547
16.27840772285769 -47.275928779965895
0.0 0.0
16.27840772285769 -47.275928779965895
15.450849718747225 -47.552825814757725
0.0 0.0
15.450849718747225 -47.552825814757725
14.618585236136688 -47.81523779815182
0.0 0.0
14.618585236136688 -47.81523779815182
13.78186779084981 -48.06308479691598
0.0 0.0
13.78186779084981 -48.06308479691598
12.940952255125888 -48.296291314453455
0.0 0.0
12.940952255125888 -48.296291314453455
12.096094779983233 -48.51478631379986
0.0 0.0
12.096094779983233 -48.51478631379986
11.247552717193095 -48.71850323926179
0.0 0.0
11.247552717193095 -48.71850323926179
10.39558454088781 -48.90738003669032
0.0 0.0
10.39558454088781 -48.90738003669032
9.540449768827083 -49.08135917238322
0.0 0.0
9.540449768827083 -49.08135917238322
8.682408883346357 -49.24038765061043
0.0 0.0
8.682408883346357 -49.24038765061043
7.821723252011381 -49.38441702975691
0.0 0.0
7.821723252011381 -49.38441702975691
6.958655048003109 -49.51340343707854
0.0 0.0
6.958655048003109 -49.51340343707854
6.09346717025721 -49.62730758206612
0.0 0.0
6.09346717025721 -49.62730758206612
5.226423163382507 -49.72609476841369
0.0 0.0
5.226423163382507 -49.72609476841369
4.357787137382741 -49.809734904587295
0.0 0.0
4.357787137382741 -49.809734904587295
3.4878236872060957 -49.87820251299123
0.0 0.0
3.4878236872060957 -49.87820251299123
2.6167978121470212 -49.9314767377287
0.0 0.0
2.6167978121470212 -49.9314767377287
1.7449748351248764 -49.96954135095479
0.0 0.0
1.7449748351248764 -49.96954135095479
0.8726203218640023 -49.992384757819565
0.0 0.0
0.8726203218640023 -49.992384757819565
-1.7457406694215667e-13 -50.0
0.0 0.0
-1.7457406694215667e-13 -50.0
-0.8726203218643513 -49.99238475781956
0.0 0.0
-0.8726203218643513 -49.99238475781956
-1.7449748351252254 -49.969541350954785
0.0 0.0
-1.7449748351252254 -49.969541350954785
-2.61679781214737 -49.93147673772869
0.0 0.0
-2.61679781214737 -49.93147673772869
-3.4878236872064443 -49.8782025129912
0.0 0.0
-3.4878236872064443 -49.8782025129912
-4.357787137383089 -49.80973490458726
0.0 0.0
-4.357787137383089 -49.80973490458726
-5.226423163382854 -49.726094768413645
0.0 0.0
-5.226423163382854 -49.726094768413645
-6.093467170257556 -49.627307582066074
0.0 0.0
-6.093467170257556 -49.627307582066074
-6.958655048003455 -49.51340343707849
0.0 0.0
-6.958655048003455 -49.51340343707849
-7.821723252011727 -49.384417029756854
0.0 0.0
-7.821723252011727 -49.384417029756854
-8.682408883346701 -49.24038765061037
0.0 0.0
-8.682408883346701 -49.24038765061037
-9.540449768827425 -49.08135917238316
0.0 0.0
-9.540449768827425 -49.08135917238316
-10.395584540888152 -48.90738003669024
0.0 0.0
-10.395584540888152 -48.90738003669024
-11.247552717193434 -48.718503239261715
0.0 0.0
-11.247552717193434 -48.718503239261715
-12.096094779983572 -48.51478631379978
0.0 0.0
-12.096094779983572 -48.51478631379978
-12.940952255126223 -48.29629131445336
0.0 0.0
-12.940952255126223 -48.29629131445336
-13.781867790850145 -48.06308479691589
0.0 0.0
-13.781867790850145 -48.06308479691589
-14.618585236137022 -47.81523779815171
0.0 0.0
-14.618585236137022 -47.81523779815171
-15.450849718747559 -47.55282581475762
0.0 0.0
-15.450849718747559 -47.55282581475762
-16.27840772285802 -47.275928779965774
0.0 0.0
-16.27840772285802 -47.275928779965774
-17.101007166283626 -46.98463103929535
0.0 0.0
-17.101007166283626 -46.98463103929535
-17.9183974772652 -46.67902132486002
0.0 0.0
-17.9183974772652 -46.67902132486002
-18.730329670795786 -46.359192728339295
0.0 0.0
-18.730329670795786 -46.359192728339295
-19.536556424463875 -46.025242672621935
0.0 0.0
-19.536556424463875 -46.025242672621935
-20.336832153790198 -45.67727288212996
0.0 0.0
-20.336832153790198 -45.67727288212996
-21.130913087035147 -45.315389351832415
0.0 0.0
-21.130913087035147 -45.315389351832415
-21.918557339454036 -44.93970231495827
0.0 0.0
-21.918557339454036 -44.93970231495827
-22.699524986977494 -44.55032620941831
0.0 0.0
-22.699524986977494 -44.55032620941831
-23.47357813929468 -44.14737964294627
0.0 0.0
-23.47357813929468 -44.14737964294627
-24.240481012316987 -43.73098535696972
0.0 0.0
-24.240481012316987 -43.73098535696972
-25.00000000000012 -43.30127018922186
0.0 0.0
-25.00000000000012 -43.30127018922186
-25.751903745502823 -42.85836503510554
0.0 0.0
-25.751903745502823 -42.85836503510554
-26.49596321166035 -42.402404807821235
0.0 0.0
-26.49596321166035 -42.402404807821235
-27.23195175075145 -41.93352839727114
0.0 0.0
-27.23195175075145 -41.93352839727114
-27.959645173537428 -41.45187862775202
0.0 0.0
-27.959645173537428 -41.45187862775202
-28.67882181755238 -40.95760221444954
0.0 0.0
-28.67882181755238 -40.95760221444954
-29.389262614623725 -40.45084971874732
0.0 0.0
-29.389262614623725 -40.45084971874732
-30.090751157602476 -39.931775502364594
0.0 0.0
-30.090751157602476 -39.931775502364594
-30.783073766282964 -39.40053768033606
0.0 0.0
-30.783073766282964 -39.40053768033606
-31.466019552491915 -38.857298072848515
0.0 0.0
-31.466019552491915 -38.857298072848515
-32.139380484327 -38.302222155948876
0.0 0.0
-32.139380484327 -38.302222155948876
-32.802951449525395 -37.73547901113857
0.0 0.0
-32.802951449525395 -37.73547901113857
-33.45653031794293 -37.157241273869694
0.0 0.0
-33.45653031794293 -37.157241273869694
-34.099918003124934 -36.56768508095851
0.0 0.0
-34.099918003124934 -36.56768508095851
-34.732918522949866 -35.966990016932556
0.0 0.0
-34.732918522949866 -35.966990016932556
-35.35533905932737 -35.35533905932738
0.0 0.0
-35.35533905932737 -35.35533905932738
-35.96699001693255 -34.73291852294987
0.0 0.0
-35.96699001693255 -34.73291852294987
-36.567685080958505 -34.09991800312494
0.0 0.0
-36.567685080958505 -34.09991800312494
-37.15724127386969 -33.456530317942935
0.0 0.0
-37.15724127386969 -33.456530317942935
-37.73547901113857 -32.802951449525395
0.0 0.0
-37.73547901113857 -32.802951449525395
-38.30222215594887 -32.139380484327006
0.0 0.0
-38.30222215594887 -32.139380484327006
-38.85729807284851 -31.466019552491925
0.0 0.0
-38.85729807284851 -31.466019552491925
-39.40053768033605 -30.78307376628297
0.0 0.0
-39.40053768033605 -30.78307376628297
-39.931775502364594 -30.09075115760248
0.0 0.0
-39.931775502364594 -30.09075115760248
-40.450849718747314 -29.389262614623735
0.0 0.0
-40.450849718747314 -29.389262614623735
-40.95760221444953 -28.67882181755239
0.0 0.0
-40.95760221444953 -28.67882181755239
-41.45187862775202 -27.959645173537435
0.0 0.0
-41.45187862775202 -27.959645173537435
-41.93352839727113 -27.23195175075146
0.0 0.0
-41.93352839727113 -27.23195175075146
-42.40240480782123 -26.49596321166036
0.0 0.0
-42.40240480782123 -26.49596321166036
-42.858365035105535 -25.751903745502837
0.0 0.0
-42.858365035105535 -25.751903745502837
-43.30127018922186 -25.000000000000135
0.0 0.0
-43.30127018922186 -25.000000000000135
-43.73098535696971 -24.240481012316994
0.0 0.0
-43.73098535696971 -24.240481012316994
-44.14737964294627 -23.47357813929469
0.0 0.0
-44.14737964294627 -23.47357813929469
-44.55032620941831 -22.699524986977504
0.0 0.0
-44.55032620941831 -22.699524986977504
-44.93970231495826 -21.918557339454043
0.0 0.0
-44.93970231495826 -21.918557339454043
-45.315389351832415 -21.130913087035154
0.0 0.0
-45.315389351832415 -21.130913087035154
-45.67727288212996 -20.336832153790205
0.0 0.0
-45.67727288212996 -20.336832153790205
-46.02524267262193 -19.536556424463893
0.0 0.0
-46.02524267262193 -19.536556424463893
-46.35919272833928 -18.73032967079582
0.0 0.0
-46.35919272833928 -18.73032967079582
-46.679021324859995 -17.91839747726524
0.0 0.0
-46.679021324859995 -17.91839747726524
-46.98463103929533 -17.101007166283676
0.0 0.0
-46.98463103929533 -17.101007166283676
-47.27592877996575 -16.27840772285808
0.0 0.0
-47.27592877996575 -16.27840772285808
-47.5528258147576 -15.45084971874763
0.0 0.0
-47.5528258147576 -15.45084971874763
-47.81523779815169 -14.618585236137104
0.0 0.0
-47.81523779815169 -14.618585236137104
-48.06308479691586 -13.781867790850239
0.0 0.0
-48.06308479691586 -13.781867790850239
-48.296291314453335 -12.940952255126328
0.0 0.0
-48.296291314453335 -12.940952255126328
-48.514786313799746 -12.096094779983689
0.0 0.0
-48.514786313799746 -12.096094779983689
-48.71850323926169 -11.247552717193564
0.0 0.0
-48.71850323926169 -11.247552717193564
-48.90738003669021 -10.39558454088829
0.0 0.0
-48.90738003669021 -10.39558454088829
-49.08135917238313 -9.540449768827576
0.0 0.0
-49.08135917238313 -9.540449768827576
-49.24038765061034 -8.682408883346863
0.0 0.0
-49.24038765061034 -8.682408883346863
-49.384417029756825 -7.8217232520119
0.0 0.0
-49.384417029756825 -7.8217232520119
-49.513403437078466 -6.9586550480036395
0.0 0.0
-49.513403437078466 -6.9586550480036395
-49.62730758206605 -6.093467170257752
0.0 0.0
-49.62730758206605 -6.093467170257752
-49.726094768413624 -5.226423163383062
0.0 0.0
-49.726094768413624 -5.226423163383062
-49.809734904587245 -4.357787137383308
0.0 0.0
-49.809734904587245 -4.357787137383308
-49.87820251299118 -3.4878236872066744
0.0 0.0
-49.87820251299118 -3.4878236872066744
-49.93147673772867 -2.6167978121476114
0.0 0.0
-49.93147673772867 -2.6167978121476114
-49.96954135095477 -1.7449748351254786
0.0 0.0
-49.96954135095477 -1.7449748351254786
-49.99238475781955 -0.8726203218646158
0.0 0.0
-49.99238475781955 -0.8726203218646158
-50.0 -4.5021244384579937e-13
0.0 0.0
-50.0 -4.5021244384579937e-13
-49.99238475781957 0.8726203218637155
0.0 0.0
-49.99238475781957 0.8726203218637155
-49.969541350954806 1.7449748351245786
0.0 0.0
-49.969541350954806 1.7449748351245786
-49.93147673772872 2.616797812146712
0.0 0.0
-49.93147673772872 2.616797812146712
-49.87820251299125 3.4878236872057764
0.0 0.0
-49.87820251299125 3.4878236872057764
-49.80973490458732 4.35778713738241
0.0 0.0
-49.80973490458732 4.35778713738241
-49.72609476841372 5.226423163382167
0.0 0.0
-49.72609476841372 5.226423163382167
-49.627307582066166 6.093467170256858
0.0 0.0
-49.627307582066166 6.093467170256858
-49.51340343707859 6.958655048002747
0.0 0.0
-49.51340343707859 6.958655048002747
-49.384417029756975 7.821723252011011
0.0 0.0
-49.384417029756975 7.821723252011011
-49.2403876506105 8.682408883345976
0.0 0.0
-49.2403876506105 8.682408883345976
-49.0813591723833 9.540449768826692
0.0 0.0
-49.0813591723833 9.540449768826692
-48.9073800366904 10.39558454088741
0.0 0.0
-48.9073800366904 10.39558454088741
-48.71850323926189 11.247552717192685
0.0 0.0
-48.71850323926189 11.247552717192685
-48.514786313799966 12.096094779982815
0.0 0.0
-48.514786313799966 12.096094779982815
-48.29629131445357 12.94095225512546
0.0 0.0
-48.29629131445357 12.94095225512546
-48.06308479691611 13.781867790849375
0.0 0.0
-48.06308479691611 13.781867790849375
-47.815237798151955 14.618585236136244
0.0 0.0
-47.815237798151955 14.618585236136244
-47.552825814757874 15.450849718746774
0.0 0.0
-47.552825814757874 15.450849718746774
-47.27592877996605 16.27840772285723
0.0 0.0
-47.27592877996605 16.27840772285723
-46.98463103929564 17.101007166282827
0.0 0.0
-46.98463103929564 17.101007166282827
-46.67902132486033 17.9183974772644
0.0 0.0
-46.67902132486033 17.9183974772644
-46.35919272833962 18.730329670794983
0.0 0.0
-46.35919272833962 18.730329670794983
-46.02524267262228 19.536556424463065
0.0 0.0
-46.02524267262228 19.536556424463065
-45.677272882130325 20.336832153789384
0.0 0.0
-45.677272882130325 20.336832153789384
-45.31538935183279 21.13091308703434
0.0 0.0
-45.31538935183279 21.13091308703434
-44.93970231495866 21.918557339453233
0.0 0.0
-44.93970231495866 21.918557339453233
-44.550326209418714 22.699524986976698
0.0 0.0
-44.550326209418714 22.699524986976698
-44.14737964294669 23.473578139293895
0.0 0.0
-44.14737964294669 23.473578139293895
-43.730985356970145 24.240481012316206
0.0 0.0
-43.730985356970145 24.240481012316206
-43.30127018922231 24.999999999999353
0.0 0.0
-43.30127018922231 24.999999999999353
-42.858365035106004 25.75190374550206
0.0 0.0
-42.858365035106004 25.75190374550206
-42.4024048078217 26.495963211659596
0.0 0.0
-42.4024048078217 26.495963211659596
-41.93352839727162 27.231951750750703
0.0 0.0
-41.93352839727162 27.231951750750703
-41.45187862775253 27.95964517353669
0.0 0.0
-41.45187862775253 27.95964517353669
-40.95760221445005 28.678821817551654
0.0 0.0
-40.95760221445005 28.678821817551654
-40.45084971874785 29.389262614623
0.0 0.0
-40.45084971874785 29.389262614623
-39.931775502365134 30.090751157601765
0.0 0.0
-39.931775502365134 30.090751157601765
-39.400537680336605 30.783073766282264
0.0 0.0
-39.400537680336605 30.783073766282264
-38.85729807284907 31.46601955249122
0.0 0.0
-38.85729807284907 31.46601955249122
-38.302222155949444 32.13938048432632
0.0 0.0
-38.302222155949444 32.13938048432632
-37.73547901113916 32.80295144952472
0.0 0.0
-37.73547901113916 32.80295144952472
-37.15724127387029 33.45653031794227
0.0 0.0
-37.15724127387029 33.45653031794227
-36.56768508095912 34.09991800312429
0.0 0.0
-36.56768508095912 34.09991800312429
-35.966990016933174 34.73291852294923
0.0 0.0
-35.966990016933174 34.73291852294923
-35.35533905932801 35.35533905932674
0.0 0.0
-35.35533905932801 35.35533905932674
-34.73291852295052 35.96699001693192
0.0 0.0
-34.73291852295052 35.96699001693192
-34.099918003125595 36.5676850809579
0.0 0.0
-34.099918003125595 36.5676850809579
-33.4565303179436 37.15724127386909
0.0 0.0
-33.4565303179436 37.15724127386909
-32.80295144952607 37.73547901113798
0.0 0.0
-32.80295144952607 37.73547901113798
-32.13938048432769 38.30222215594829
0.0 0.0
-32.13938048432769 38.30222215594829
-31.466019552492615 38.85729807284794
0.0 0.0
-31.466019552492615 38.85729807284794
-30.783073766283675 39.4005376803355
0.0 0.0
-30.783073766283675 39.4005376803355
-30.09075115760319 39.93177550236406
0.0 0.0
-30.09075115760319 39.93177550236406
-29.38926261462445 40.45084971874679
0.0 0.0
-29.38926261462445 40.45084971874679
-28.678821817553118 40.95760221444902
0.0 0.0
-28.678821817553118 40.95760221444902
-27.95964517353817 41.45187862775152
0.0 0.0
-27.95964517353817 41.45187862775152
-27.231951750752202 41.93352839727065
0.0 0.0
-27.231951750752202 41.93352839727065
-26.495963211661117 42.40240480782075
0.0 0.0
-26.495963211661117 42.40240480782075
-25.751903745503597 42.85836503510508
0.0 0.0
-25.751903745503597 42.85836503510508
-25.000000000000906 43.301270189221405
0.0 0.0
-25.000000000000906 43.301270189221405
-24.240481012317776 43.730985356969285
0.0 0.0
-24.240481012317776 43.730985356969285
-23.47357813929548 44.14737964294585
0.0 0.0
-23.47357813929548 44.14737964294585
-22.699524986978297 44.550326209417904
0.0 0.0
-22.699524986978297 44.550326209417904
-21.918557339454843 44.93970231495788
0.0 0.0
-21.918557339454843 44.93970231495788
-21.130913087035964 45.31538935183204
0.0 0.0
-21.130913087035964 45.31538935183204
-20.33683215379102 45.67727288212959
0.0 0.0
-20.33683215379102 45.67727288212959
-19.536556424464713 46.02524267262158
0.0 0.0
-19.536556424464713 46.02524267262158
-18.730329670796646 46.35919272833895
0.0 0.0
-18.730329670796646 46.35919272833895
-17.918397477266073 46.67902132485968
0.0 0.0
-17.918397477266073 46.67902132485968
-17.10100716628451 46.984631039295024
0.0 0.0
-17.10100716628451 46.984631039295024
-16.278407722858923 47.27592877996546
0.0 0.0
-16.278407722858923 47.27592877996546
-15.450849718748477 47.55282581475732
0.0 0.0
-15.450849718748477 47.55282581475732
-14.618585236137957 47.815237798151436
0.0 0.0
-14.618585236137957 47.815237798151436
-13.781867790851097 48.06308479691562
0.0 0.0
-13.781867790851097 48.06308479691562
-12.940952255127192 48.29629131445311
0.0 0.0
-12.940952255127192 48.29629131445311
-12.096094779984554 48.51478631379953
0.0 0.0
-12.096094779984554 48.51478631379953
-11.24755271719443 48.71850323926149
0.0 0.0
-11.24755271719443 48.71850323926149
-10.395584540889164 48.90738003669003
0.0 0.0
-10.395584540889164 48.90738003669003
-9.54044976882845 49.08135917238296
0.0 0.0
-9.54044976882845 49.08135917238296
-8.68240888334774 49.24038765061019
0.0 0.0
-8.68240888334774 49.24038765061019
-7.82172325201278 49.38441702975669
0.0 0.0
-7.82172325201278 49.38441702975669
-6.958655048004522 49.51340343707834
0.0 0.0
-6.958655048004522 49.51340343707834
-6.093467170258637 49.62730758206595
0.0 0.0
-6.093467170258637 49.62730758206595
-5.226423163383949 49.72609476841353
0.0 0.0
-5.226423163383949 49.72609476841353
-4.357787137384196 49.80973490458717
0.0 0.0
-4.357787137384196 49.80973490458717
-3.4878236872075634 49.87820251299112
0.0 0.0
-3.4878236872075634 49.87820251299112
-2.6167978121485014 49.93147673772862
0.0 0.0
-2.6167978121485014 49.93147673772862
-1.7449748351263692 49.969541350954735
0.0 0.0
-1.7449748351263692 49.969541350954735
-0.872620321865507 49.99238475781954
0.0 0.0
-0.872620321865507 49.99238475781954
-1.341452480543793e-12 50.0
0.0 0.0
