0.8121787597495065 0.5834086579849098 
-0.24023779942676493 -0.9707140669252637 
0.38591108437671173 0.9225359803038526 
-0.9474632384939279 -0.3198646771723917 
0.9385585511258352 -0.3451200459384719 
-0.540409676507567 0.8414020332379681 
0.4241052885348325 0.9056128887315962 
0.4985386411772635 0.8668674773303747 
-0.9950433194275204 -0.09944240776782053 
-0.8741272781469429 0.48569692360505745 
-0.9521303983492577 0.3056921728459593 
0.7952035186221303 0.6063426126959767 
0.11982024321868268 0.9927956029893644 
0.6712306492949873 -0.7412485517335125 
0.4089743748848592 -0.912545867717091 
-0.4834896014071693 0.8753501044331558 
-0.9670068053029853 -0.2547505417024942 
0.239110387761733 -0.9709923905285941 
0.6546073866516358 -0.7559690267075205 
0.12230234224556426 -0.9924928901917882 
