2.437188241010107 1.750694294668389 
-0.5380286766421231 -2.1739793074690748 
0.9457696278328854 2.260900363003601 
-3.732048899880135 -1.2599439936575327 
0.42220578658187286 -0.15525049586500295 
-2.1899121589204995 3.409629070737885 
1.9632961901224943 4.192322949602974 
1.720252966673052 2.9912051472450063 
-3.071792413102557 -0.30698807555191293 
-2.19403870375284 1.219087740794706 
-0.7140580969213631 0.22925638291203104 
0.05720800845873236 0.0436211013956597 
0.3531095802820452 2.9257630368653214 
3.106494092533344 -3.4305409764551547 
0.9867171448770679 -2.2016652104833607 
-1.6324286155825734 2.955485609144455 
-4.562065248138621 -1.2018411730632002 
0.3584162242419984 -1.4554759817786025 
0.9219851869599244 -1.0647485174128744 
0.3029258370079817 -2.4582664073771863 
