1.2591875160022763 0.4261189956679709 
-2.716132468538122 -1.183861100578625 
-0.5291261896699251 0.3493910181595432 
-4.700171905840136 -0.8695251007764911 
0.6849075538042397 -0.2066115174357976 
-0.34805214773879495 0.6889642933882193 
0.27038975799054865 -2.054392966918482 
-1.1109259233100193 -1.165932871202361 
-1.343567464577108 1.3356781083341882 
2.9686738557438463 5.1221737563220024 
-3.1254091997283324 -0.5234473410574915 
1.0488145779922748 4.830851957972593 
3.247657357370136 1.308186690886946 
3.9466052980666855 0.013901602585672595 
1.5032008687936302 -2.7979702988129156 
-4.454027225920397 -0.26565309769584233 
0.010768553049890713 0.7036830673480265 
1.501786402140967 3.8534935047933048 
-2.850731479364241 -4.079140296856675 
-3.63215137371716 1.8001105173453094 
