1.2962034593387848 1.388442881568674 
-0.26027700124825487 -1.0472492539308715 
4.760050255309163 0.359787555184903 
-1.2840290884269174 1.1368593637677744 
1.3876148695856065 0.680488827569685 
0.8382657855770322 -0.6569840965087257 
1.765456676855167 1.9589960513859308 
-0.21344442098021968 3.2061400557108506 
-0.16387817533753554 2.810690078676225 
2.1626057027241457 -0.05070404933180246 
0.08749302946569057 -1.8430026142049123 
1.380778706070366 -1.170746044035232 
-0.9043419498371654 4.056030815050359 
3.3600880281646526 1.9011955068688624 
-1.8003592158887198 -3.5836184138653557 
-0.5879893499711426 -0.7382496217228719 
3.187724565295189 -0.5484317692930217 
0.21523807132647363 1.8505748448008859 
1.8697997296629736 -4.314389776714959 
-1.567327046067329 -1.8279876489942373 
