0.9472313992194465 0.3205505831109492 
-0.9167075949431752 -0.3995587383270441 
-0.8344877705157941 0.5510264611246716 
-0.9833148432907028 -0.18191184393595858 
0.9573868726626872 -0.28880854567197217 
-0.45090978557838396 0.8925695296556206 
0.13049004117024918 -0.9914496200792992 
-0.6898224073523136 -0.7239786228298863 
-0.7091858663487874 0.7050215648979254 
0.501441653408245 0.8651914633346803 
-0.9862633391130529 -0.16518058578892159 
0.21216488345989032 0.9772338830732646 
0.9275753983351505 0.3736360266400804 
0.9999937963353726 0.003522398439895237 
0.4732701201157872 -0.880917359010247 
-0.9982260669418974 -0.05953754510987619 
0.015301337846524448 0.9998829276770889 
0.3631194317050506 0.9317426030391661 
-0.5728328170214616 -0.8196722294571512 
-0.8959969883506734 0.4440601275351383 
