-3.949271871701048 2.384311607351114 
1.8586902935446294 -0.2658808187179183 
2.790005147967829 2.311788218938559 
-0.9275468129395993 1.5314770578698942 
0.5699915720295538 -2.8229931949475877 
-3.615251373476632 3.3552499526222954 
3.4323469298457616 -3.419018418085341 
-3.2018600382652407 -0.8203464893029141 
2.1213088845894177 3.1996341660930994 
-0.5871229552801007 -0.16524211932098803 
2.837187843501354 3.2339395450084254 
-3.860983077621931 -1.0209530422772413 
1.332344807173078 -0.28432349019543157 
0.6857201651340832 -1.0289280521645416 
-3.3580628405236914 0.1985257282932317 
0.8961558941537232 -2.335678292065222 
0.3637609363212357 1.4406285518211317 
0.10835074886902518 -2.5064128446371443 
1.827676647890461 -0.6980833753291995 
-0.045936326563657724 0.05014660358683704 
