0.8040629108300043 -0.594544224955201 
-0.668956505881186 -0.7433015493319214 
-0.6510790814099481 -0.7590099009567519 
-0.8955284040268441 0.4450043568114065 
0.11221539345905286 0.993683906215065 
-0.6361812336096446 -0.7715396541999061 
0.9793049317397626 0.20239034233425993 
-0.9672828674258391 0.25370032397386966 
0.6061739319403577 0.7953321093957961 
-0.9872968236638253 -0.1588866954257701 
0.002065807276301462 -0.9999978662178721 
-0.9323636851241279 -0.3615217264034846 
-0.6459552369162466 -0.76337528902924 
-0.8995991906321417 -0.4367164940942759 
-0.4526032551220379 -0.8917120014068082 
0.27290642490931977 0.9620405829502277 
-0.7527932018136161 0.6582570890641469 
0.06562663104019979 0.9978442490180086 
0.9987404464376661 -0.050174900592739935 
0.9980511382305923 -0.06240132592036147 
