3.776310277278336 -2.792298260191095 
-0.3950960492916631 -0.4390053807557622 
-1.0346407338800785 -1.2061554170155844 
-0.77616942169896 0.38569270692777874 
0.025017672719159507 0.22153519214862188 
-3.0153144276915858 -3.656874060313188 
1.8703675572335028 0.38654388222766073 
-0.9186174343127457 0.24093628507387635 
0.7390364409057029 0.9696547154121544 
-0.8685588255129421 -0.13977806700169154 
0.002532715087055205 -1.2260145037960553 
-0.9943354445748946 -0.3855511237538543 
-1.6401262425719125 -1.9382640977491006 
-1.1864666327178814 -0.575978228522298 
-0.14208438828666545 -0.2799324857122429 
0.2678050180128459 0.9440572743264722 
-0.18659510976140678 0.1631624109904747 
0.1208139311530542 1.8369598513823961 
0.3504934184008824 -0.017608150835785204 
2.150070617784812 -0.13442924138140167 
