0.6824092492311925 0.7309703253646622 
-0.24119632589589313 -0.9704763430266201 
0.9971556489661609 0.07536983305590098 
-0.7487107464781365 0.6628968382094996 
0.8978477100165184 0.4403061317062184 
0.7870718852236483 -0.6168612870739192 
0.6694590568667687 0.7428489558308987 
-0.06642660195836118 0.9977913141294954 
-0.05820646396948691 0.9983045665287567 
0.9997252601861282 -0.023439371701866055 
0.04741968560153095 -0.9988750539569261 
0.7627335745415961 -0.6467128375616178 
-0.21761875014405796 0.9760338516597352 
0.8703391358508776 0.4924528288134281 
-0.4489183335227302 -0.8935727893278615 
-0.6230071229754457 -0.7822161624013262 
0.9855209235627944 -0.16955385345056803 
0.11552995921587522 0.9933039960271871 
0.3976487662280426 -0.9175377151470753 
-0.6509063983991459 -0.7591579944405857 
