-0.8560792568353963 0.5168445665924675 
0.9899231085027453 -0.14160592943892553 
0.7700121145554447 0.6380292653459186 
-0.5180479880038417 0.8553515546985179 
0.19791635348043143 -0.9802189128072407 
-0.7329723206978112 0.6802584634466998 
0.7084810322253031 -0.7057298541063493 
-0.9687106721989114 -0.24819273472028394 
0.5525739134928739 0.8334638985146087 
-0.9626023012576108 -0.27091845565326833 
0.6594902007454226 0.7517131601354085 
-0.9667715891859575 -0.2556417304409788 
0.9779793648032464 -0.20870161000586135 
0.5545703661305174 -0.832136833104907 
-0.9982570321981616 0.059016079731871215 
0.35821918156045224 -0.9336375195771428 
0.2448177033801455 0.9695691270413219 
0.04318907350802075 -0.9990669166424834 
0.9341769562647523 -0.3568100536474879 
-0.675473743465573 0.7373840396215565 
