97.75602413105096
99.41575580191173
87.15265366717395
97.4305149489313
90.05691531522082
87.94829479403487
98.89027875685076
84.61798967956096
95.8591836652165
99.19662640050159
94.97434215506448
97.07628621757402
89.87011788352049
84.98419088808217
81.36094974369696
99.94820972169434
98.85372472233517
96.92681441826326
98.78105073285106
97.7918778453149
99.15539650316842
99.51491479868668
83.92429934048081
91.11887437117504
90.12585036137247
88.77015586495037
87.94505272207518
90.3663870652655
99.65587328210033
87.45207013487683
