13.0 0.0 
12.010433922646728 4.974884620746167 
9.19238815542512 9.192388155425117 
4.974884620746168 12.010433922646728 
7.960204194457795e-16 13.0 
-4.974884620746167 12.010433922646728 
-9.192388155425117 9.19238815542512 
-12.010433922646728 4.9748846207461686 
-13.0 1.592040838891559e-15 
-12.01043392264673 -4.974884620746166 
-9.19238815542512 -9.192388155425117 
-4.974884620746175 -12.010433922646724 
-2.3880612583373385e-15 -13.0 
4.97488462074617 -12.010433922646726 
9.192388155425125 -9.19238815542511 
12.010433922646733 -4.9748846207461535 
